0 0.30898437500000003 0.838 0.06015625 0.17466666666666666
0 0.312109375 0.8433333333333333 0.03671875 0.15066666666666667
10 0.30390625000000004 0.7093333333333333 0.0921875 0.088
0 0.337890625 0.7773333333333333 0.05078125 0.09333333333333332
0 0.37929687500000003 0.7946666666666666 0.06796875000000001 0.064
10 0.304296875 0.7126666666666667 0.08359375000000001 0.07333333333333333
0 0.331640625 0.7806666666666666 0.06953125 0.12933333333333333
0 0.373828125 0.8033333333333333 0.08046875 0.09466666666666666
10 0.46640625 0.66 0.0859375 0.064
10 0.46484375 0.654 0.09531250000000001 0.10533333333333333
