0 0.574609375 0.5766666666666667 0.10546875 0.08399999999999999
0 0.574609375 0.5786666666666667 0.09140625000000001 0.056
10 0.43789062500000003 0.718 0.08515625 0.12133333333333333
10 0.362890625 0.71 0.09296875 0.08666666666666667
10 0.30390625000000004 0.7153333333333333 0.1 0.09733333333333333
10 0.30507812500000003 0.7146666666666667 0.08359375000000001 0.07733333333333334
10 0.36328125 0.7126666666666667 0.08750000000000001 0.06533333333333333
10 0.436328125 0.718 0.07265625 0.09999999999999999
0 0.380859375 0.7966666666666666 0.06484375 0.07066666666666667
0 0.335546875 0.7773333333333333 0.049218750000000006 0.09333333333333332
0 0.31171875000000004 0.8433333333333333 0.035937500000000004 0.148
