10 0.28046875 0.7446666666666666 0.0921875 0.06533333333333333
10 0.5750000000000001 0.5786666666666667 0.09843750000000001 0.058666666666666666
10 0.3640625 0.7146666666666667 0.0921875 0.096
10 0.36484375 0.714 0.0859375 0.07333333333333333
0 0.38007812500000004 0.7953333333333333 0.06484375 0.07066666666666667
0 0.5691406250000001 0.5806666666666667 0.11484375000000001 0.08133333333333333
0 0.3375 0.7746666666666666 0.05 0.10133333333333333
10 0.28671875 0.704 0.051562500000000004 0.06133333333333333
10 0.3015625 0.6433333333333333 0.015625 0.036
10 0.27773437500000003 0.7433333333333333 0.08203125 0.04933333333333333
0 0.31093750000000003 0.8466666666666667 0.037500000000000006 0.14933333333333332
10 0.2984375 0.7153333333333333 0.096875 0.108
