0 0.573828125 0.5793333333333334 0.10546875 0.07333333333333333
0 0.575390625 0.5793333333333334 0.09296875 0.05466666666666666
10 0.47500000000000003 0.774 0.07500000000000001 0.132
10 0.47695312500000003 0.7746666666666666 0.06484375 0.11733333333333333
10 0.3640625 0.7206666666666667 0.0859375 0.07066666666666667
10 0.43867187500000004 0.7146666666666667 0.08515625 0.128
10 0.3640625 0.7153333333333333 0.09531250000000001 0.08399999999999999
10 0.43398437500000003 0.718 0.06953125 0.10266666666666667
10 0.30585937500000004 0.7133333333333333 0.09453125000000001 0.08266666666666667
10 0.30585937500000004 0.7126666666666667 0.08515625 0.07066666666666667
0 0.38203125000000004 0.7959999999999999 0.0625 0.072
0 0.33671875 0.776 0.05 0.09333333333333332
0 0.30859375 0.8406666666666667 0.03125 0.148
