10 0.307421875 0.7146666666666667 0.09296875 0.08533333333333333
1 0.57421875 0.5773333333333334 0.09375 0.058666666666666666
10 0.3640625 0.718 0.096875 0.08399999999999999
10 0.432421875 0.7253333333333333 0.06328125 0.08
10 0.36250000000000004 0.7146666666666667 0.0859375 0.06133333333333333
10 0.444921875 0.718 0.10078125 0.11599999999999999
0 0.378515625 0.7986666666666666 0.06171875 0.06666666666666667
0 0.5734375 0.5773333333333334 0.109375 0.07733333333333334
0 0.3375 0.7826666666666666 0.05 0.09866666666666667
10 0.30585937500000004 0.714 0.08203125 0.06799999999999999
0 0.311328125 0.846 0.03671875 0.14533333333333334
