10 0.362109375 0.712 0.09921875000000001 0.08266666666666667
10 0.302734375 0.7126666666666667 0.09921875000000001 0.08933333333333333
1 0.594921875 0.582 0.05078125 0.04933333333333333
10 0.48867187500000003 0.7953333333333333 0.039843750000000004 0.08133333333333333
10 0.42890625000000004 0.728 0.05625 0.07733333333333334
10 0.36367187500000003 0.7173333333333333 0.08515625 0.064
0 0.3765625 0.7959999999999999 0.0671875 0.06933333333333333
10 0.30507812500000003 0.7146666666666667 0.08046875 0.06933333333333333
0 0.33671875 0.7806666666666666 0.0484375 0.09999999999999999
0 0.31171875000000004 0.844 0.034375 0.14133333333333334
