0 0.5734375 0.5773333333333334 0.10312500000000001 0.07466666666666666
15 0.575390625 0.5773333333333334 0.09609375 0.058666666666666666
10 0.304296875 0.714 0.07734375 0.07333333333333333
10 0.43828125 0.7166666666666667 0.08281250000000001 0.11599999999999999
10 0.36250000000000004 0.712 0.09531250000000001 0.08266666666666667
10 0.366015625 0.712 0.08515625 0.064
10 0.30507812500000003 0.7126666666666667 0.09296875 0.08933333333333333
0 0.37812500000000004 0.7933333333333333 0.0671875 0.072
0 0.337890625 0.776 0.049218750000000006 0.096
0 0.31171875000000004 0.8373333333333333 0.035937500000000004 0.16266666666666665
10 0.43789062500000003 0.7146666666666667 0.07421875 0.104
