10 0.30625 0.7133333333333333 0.0921875 0.08533333333333333
15 0.5750000000000001 0.5786666666666667 0.09531250000000001 0.056
10 0.30703125000000003 0.7113333333333333 0.08750000000000001 0.07333333333333333
10 0.36445312500000004 0.7153333333333333 0.09609375 0.108
10 0.3640625 0.7126666666666667 0.08750000000000001 0.06799999999999999
10 0.4390625 0.7186666666666667 0.084375 0.12
10 0.43867187500000004 0.7173333333333333 0.07265625 0.10133333333333333
0 0.574609375 0.5786666666666667 0.10546875 0.096
0 0.37929687500000003 0.7959999999999999 0.06953125 0.06933333333333333
0 0.33671875 0.7766666666666666 0.051562500000000004 0.092
0 0.30703125000000003 0.844 0.026562500000000003 0.152
