10 0.287109375 0.6573333333333333 0.047656250000000004 0.04
10 0.279296875 0.744 0.08046875 0.048
10 0.29921875000000003 0.7013333333333334 0.084375 0.05333333333333333
10 0.37148437500000003 0.72 0.06796875000000001 0.064
0 0.38007812500000004 0.7959999999999999 0.06640625 0.06933333333333333
0 0.337890625 0.7793333333333333 0.04609375 0.09466666666666666
10 0.27968750000000003 0.7366666666666667 0.08750000000000001 0.04933333333333333
0 0.310546875 0.8446666666666667 0.03359375 0.14533333333333334
10 0.298828125 0.6986666666666667 0.09609375 0.07466666666666666
10 0.37148437500000003 0.7233333333333333 0.07578125000000001 0.07866666666666666
