10 0.30781250000000004 0.716 0.0921875 0.088
1 0.573828125 0.5846666666666667 0.09296875 0.076
10 0.362890625 0.714 0.09921875000000001 0.08133333333333333
10 0.43398437500000003 0.724 0.06796875000000001 0.088
10 0.306640625 0.7126666666666667 0.08203125 0.07866666666666666
10 0.43867187500000004 0.718 0.08671875000000001 0.11866666666666666
10 0.36250000000000004 0.7153333333333333 0.0859375 0.06266666666666666
0 0.573828125 0.5873333333333333 0.10859375 0.09466666666666666
0 0.377734375 0.7999999999999999 0.06640625 0.07466666666666666
0 0.3375 0.7806666666666666 0.046875 0.09999999999999999
0 0.308203125 0.846 0.030468750000000003 0.14533333333333334
