10 0.57578125 0.5793333333333334 0.1046875 0.07333333333333333
0 0.573828125 0.58 0.09453125000000001 0.056
10 0.30625 0.7113333333333333 0.09375 0.08666666666666667
10 0.362109375 0.7146666666666667 0.08515625 0.072
10 0.36367187500000003 0.7146666666666667 0.09609375 0.08266666666666667
10 0.44062500000000004 0.7173333333333333 0.07968750000000001 0.104
0 0.37812500000000004 0.7939999999999999 0.0671875 0.06533333333333333
10 0.439453125 0.7173333333333333 0.08359375000000001 0.12533333333333332
10 0.30703125000000003 0.7133333333333333 0.0859375 0.07466666666666666
0 0.33671875 0.7773333333333333 0.05 0.096
0 0.311328125 0.8406666666666667 0.03515625 0.148
