0 0.16914062500000002 0.742 0.07109375 0.08933333333333333
10 0.448828125 0.7813333333333333 0.10546875 0.06933333333333333
0 0.27187500000000003 0.8633333333333333 0.07187500000000001 0.10533333333333333
10 0.291796875 0.826 0.055468750000000004 0.03866666666666667
10 0.28828125 0.7666666666666666 0.0890625 0.05333333333333333
0 0.384765625 0.688 0.07890625000000001 0.10133333333333333
0 0.272265625 0.8633333333333333 0.07734375 0.10533333333333333
10 0.44609375 0.7326666666666667 0.109375 0.05733333333333333
0 0.17109375000000002 0.7453333333333333 0.07968750000000001 0.10133333333333333
10 0.45 0.782 0.09843750000000001 0.052
0 0.384375 0.6893333333333334 0.0890625 0.12533333333333332
10 0.44257812500000004 0.8233333333333333 0.06640625 0.028
10 0.291015625 0.7666666666666666 0.09453125000000001 0.064
0 0.432421875 0.6266666666666666 0.10078125 0.09333333333333332
0 0.425390625 0.6053333333333333 0.10859375 0.09333333333333332
0 0.43046875 0.628 0.09062500000000001 0.07466666666666666
10 0.447265625 0.7386666666666667 0.11796875000000001 0.07466666666666666
0 0.42500000000000004 0.604 0.096875 0.07466666666666666
