0 0.18281250000000002 0.736 0.046875 0.07466666666666666
10 0.38046875 0.6873333333333334 0.1 0.132
0 0.273046875 0.8653333333333333 0.07109375 0.10666666666666666
10 0.44296875 0.7753333333333333 0.1203125 0.08933333333333333
0 0.290625 0.826 0.0546875 0.044
10 0.44257812500000004 0.7353333333333333 0.12890625 0.08133333333333333
0 0.290234375 0.764 0.08828125 0.048
0 0.42812500000000003 0.624 0.109375 0.09866666666666667
0 0.42109375000000004 0.6033333333333333 0.1171875 0.09733333333333333
10 0.448046875 0.7806666666666666 0.09921875000000001 0.05466666666666666
10 0.28945312500000003 0.768 0.09921875000000001 0.06933333333333333
10 0.44179687500000003 0.8193333333333334 0.06640625 0.025333333333333333
10 0.272265625 0.8646666666666666 0.08515625 0.124
10 0.448046875 0.7346666666666667 0.11328125 0.056
0 0.38398437500000004 0.6886666666666666 0.08046875 0.10266666666666667
0 0.42812500000000003 0.6293333333333333 0.1015625 0.09066666666666666
0 0.42304687500000004 0.606 0.10546875 0.09466666666666666
0 0.6039062500000001 0.7833333333333333 0.0578125 0.025333333333333333
