0 0.169921875 0.744 0.07578125000000001 0.104
10 0.44921875 0.768 0.1078125 0.08
0 0.273046875 0.866 0.07890625000000001 0.11066666666666666
10 0.28984375 0.7653333333333333 0.09531250000000001 0.06666666666666667
0 0.38515625000000003 0.6906666666666667 0.08750000000000001 0.12533333333333332
0 0.41835937500000003 0.6413333333333333 0.07265625 0.06933333333333333
10 0.48164062500000004 0.8086666666666666 0.032031250000000004 0.052
0 0.41250000000000003 0.608 0.078125 0.088
10 0.444921875 0.8133333333333334 0.05859375 0.034666666666666665
10 0.44765625000000003 0.7706666666666666 0.1015625 0.06666666666666667
0 0.38398437500000004 0.6893333333333334 0.08203125 0.10933333333333332
0 0.417578125 0.6413333333333333 0.06640625 0.056
0 0.41171875 0.608 0.0765625 0.07466666666666666
0 0.16953125000000002 0.7433333333333333 0.07187500000000001 0.092
10 0.291015625 0.764 0.08515625 0.048
10 0.290234375 0.828 0.055468750000000004 0.042666666666666665
0 0.272265625 0.866 0.07265625 0.09999999999999999
