0 0.26953125 0.8633333333333333 0.0859375 0.11599999999999999
0 0.17109375000000002 0.75 0.07968750000000001 0.10533333333333333
10 0.28750000000000003 0.7673333333333333 0.1078125 0.07066666666666667
0 0.385546875 0.6819999999999999 0.09296875 0.12133333333333333
10 0.44960937500000003 0.7366666666666667 0.12109375 0.06799999999999999
10 0.45156250000000003 0.7859999999999999 0.1125 0.06
0 0.42578125 0.604 0.109375 0.10933333333333332
0 0.42500000000000004 0.602 0.1015625 0.08666666666666667
0 0.43085937500000004 0.6273333333333333 0.09921875000000001 0.09733333333333333
0 0.43125 0.6253333333333333 0.09375 0.09066666666666666
0 0.386328125 0.6859999999999999 0.08515625 0.10266666666666667
10 0.446875 0.7373333333333333 0.1125 0.048
10 0.44960937500000003 0.7786666666666666 0.10234375000000001 0.058666666666666666
10 0.443359375 0.8186666666666667 0.06328125 0.026666666666666665
10 0.48359375000000004 0.8079999999999999 0.021875000000000002 0.04533333333333333
10 0.2890625 0.764 0.0859375 0.056
10 0.291796875 0.826 0.055468750000000004 0.04933333333333333
0 0.27265625 0.8646666666666666 0.0734375 0.09999999999999999
0 0.172265625 0.7433333333333333 0.07578125000000001 0.092
