0 0.38828125 0.6713333333333333 0.08281250000000001 0.09466666666666666
10 0.45078125 0.7713333333333333 0.109375 0.09466666666666666
0 0.38906250000000003 0.6653333333333333 0.09375 0.104
10 0.44960937500000003 0.766 0.10078125 0.07066666666666667
10 0.290234375 0.772 0.09765625 0.07733333333333334
10 0.44453125000000004 0.8119999999999999 0.060937500000000006 0.04
0 0.171875 0.7413333333333333 0.07968750000000001 0.10933333333333332
10 0.290234375 0.766 0.08828125 0.05733333333333333
0 0.2703125 0.8646666666666666 0.0859375 0.12133333333333333
10 0.291796875 0.8246666666666667 0.055468750000000004 0.044
0 0.272265625 0.864 0.07265625 0.09866666666666667
0 0.172265625 0.7446666666666666 0.07890625000000001 0.092
