0 0.38359375 0.6906666666666667 0.09375 0.13066666666666665
0 0.17148437500000002 0.7426666666666667 0.08203125 0.10666666666666666
0 0.273046875 0.8646666666666666 0.08515625 0.11599999999999999
10 0.2890625 0.772 0.096875 0.07733333333333334
10 0.448828125 0.782 0.11015625000000001 0.07333333333333333
0 0.611328125 0.7753333333333333 0.05078125 0.04133333333333333
10 0.44375000000000003 0.748 0.12812500000000002 0.06666666666666667
10 0.48281250000000003 0.8059999999999999 0.0234375 0.04666666666666666
0 0.43203125000000003 0.6293333333333333 0.1078125 0.104
10 0.4453125 0.8193333333333334 0.060937500000000006 0.025333333333333333
0 0.424609375 0.6046666666666667 0.11015625000000001 0.10266666666666667
10 0.448828125 0.7866666666666666 0.10078125 0.056
10 0.444921875 0.7346666666666667 0.10703125000000001 0.058666666666666666
0 0.384375 0.6793333333333333 0.08125 0.08933333333333333
0 0.43281250000000004 0.6253333333333333 0.09531250000000001 0.08533333333333333
0 0.42500000000000004 0.6066666666666667 0.1015625 0.08
0 0.27187500000000003 0.8646666666666666 0.0703125 0.09733333333333333
10 0.28945312500000003 0.8253333333333333 0.055468750000000004 0.042666666666666665
10 0.290625 0.762 0.08750000000000001 0.05466666666666666
0 0.1703125 0.744 0.07500000000000001 0.09333333333333332
