10 0.44921875 0.7806666666666666 0.10625000000000001 0.06799999999999999
0 0.272265625 0.862 0.07734375 0.108
0 0.16953125000000002 0.7453333333333333 0.0765625 0.10133333333333333
0 0.425390625 0.6086666666666667 0.10234375000000001 0.08133333333333333
0 0.384375 0.6893333333333334 0.0890625 0.12533333333333332
0 0.43281250000000004 0.6206666666666667 0.09531250000000001 0.08133333333333333
0 0.38593750000000004 0.6886666666666666 0.084375 0.108
10 0.291015625 0.7666666666666666 0.09453125000000001 0.064
10 0.451171875 0.734 0.11484375000000001 0.06533333333333333
0 0.43281250000000004 0.6266666666666666 0.1015625 0.09333333333333332
10 0.44960937500000003 0.7773333333333333 0.10234375000000001 0.056
0 0.425390625 0.6086666666666667 0.10859375 0.08666666666666667
10 0.437109375 0.8186666666666667 0.07890625000000001 0.03733333333333333
0 0.1703125 0.7446666666666666 0.07500000000000001 0.09466666666666666
10 0.44765625000000003 0.744 0.11875000000000001 0.064
10 0.29140625000000003 0.7673333333333333 0.09062500000000001 0.04933333333333333
0 0.2921875 0.8333333333333333 0.0578125 0.056
0 0.2734375 0.8646666666666666 0.0765625 0.09999999999999999
