0 0.17109375000000002 0.744 0.084375 0.104
0 0.16875 0.7473333333333333 0.06875 0.092
0 0.272265625 0.8653333333333333 0.07265625 0.09866666666666667
10 0.28828125 0.7646666666666666 0.1 0.07066666666666667
0 0.276953125 0.8726666666666666 0.09140625000000001 0.132
10 0.29335937500000003 0.8246666666666667 0.05390625 0.04133333333333333
10 0.291015625 0.764 0.08359375000000001 0.04533333333333333
0 0.38515625000000003 0.6859999999999999 0.0921875 0.12666666666666665
10 0.45078125 0.77 0.1125 0.09999999999999999
10 0.440234375 0.8133333333333334 0.06640625 0.04
0 0.425390625 0.5993333333333333 0.10859375 0.11333333333333333
10 0.448828125 0.7706666666666666 0.09765625 0.06666666666666667
0 0.38359375 0.6893333333333334 0.07968750000000001 0.10133333333333333
0 0.431640625 0.626 0.10703125000000001 0.09999999999999999
0 0.433203125 0.6273333333333333 0.09609375 0.08666666666666667
0 0.49296875 0.6766666666666666 0.0734375 0.188
0 0.42265625 0.602 0.09843750000000001 0.08133333333333333
