0 0.16953125000000002 0.748 0.08125 0.11733333333333333
10 0.29140625000000003 0.8266666666666667 0.060937500000000006 0.042666666666666665
10 0.290625 0.7726666666666666 0.09843750000000001 0.07066666666666667
10 0.44843750000000004 0.782 0.1015625 0.06
0 0.27187500000000003 0.8666666666666666 0.0859375 0.11733333333333333
10 0.44375000000000003 0.8193333333333334 0.06406250000000001 0.030666666666666665
0 0.169921875 0.7426666666666667 0.07109375 0.09066666666666666
0 0.381640625 0.6886666666666666 0.09296875 0.124
0 0.27265625 0.866 0.0734375 0.09999999999999999
10 0.446875 0.7833333333333333 0.11093750000000001 0.08399999999999999
10 0.44179687500000003 0.73 0.12421875 0.08666666666666667
0 0.43007812500000003 0.632 0.10546875 0.10666666666666666
0 0.42500000000000004 0.604 0.1078125 0.09866666666666667
10 0.28984375 0.766 0.0890625 0.05466666666666666
0 0.38398437500000004 0.6873333333333334 0.08046875 0.108
0 0.433203125 0.6273333333333333 0.09453125000000001 0.08666666666666667
0 0.425390625 0.606 0.09921875000000001 0.08399999999999999
10 0.44648437500000004 0.744 0.11171875 0.05333333333333333
10 0.48203125 0.8073333333333333 0.029687500000000002 0.052
0 0.6046875 0.7313333333333333 0.060937500000000006 0.12933333333333333
