0 0.17265625 0.744 0.08281250000000001 0.096
0 0.4234375 0.604 0.10625000000000001 0.088
10 0.42578125 0.6046666666666667 0.10312500000000001 0.08666666666666667
0 0.43085937500000004 0.6346666666666666 0.09765625 0.08266666666666667
0 0.384375 0.6853333333333333 0.09062500000000001 0.08
0 0.428515625 0.6273333333333333 0.11171875 0.08666666666666667
0 0.38906250000000003 0.6873333333333334 0.1046875 0.08933333333333333
10 0.444921875 0.7473333333333333 0.10546875 0.06799999999999999
10 0.44257812500000004 0.754 0.12421875 0.092
10 0.45 0.782 0.09375 0.08399999999999999
10 0.45 0.778 0.1015625 0.09733333333333333
10 0.443359375 0.8233333333333333 0.07109375 0.036
0 0.35390625000000003 0.8019999999999999 0.1171875 0.06533333333333333
0 0.173828125 0.7426666666666667 0.07890625000000001 0.09066666666666666
10 0.290625 0.7653333333333333 0.096875 0.06133333333333333
0 0.271484375 0.8646666666666666 0.08203125 0.10533333333333333
10 0.290625 0.7666666666666666 0.09062500000000001 0.05333333333333333
0 0.35195312500000003 0.7986666666666666 0.10859375 0.056
0 0.29140625000000003 0.83 0.059375000000000004 0.05733333333333333
0 0.27265625 0.8666666666666666 0.0734375 0.10133333333333333
