0 0.16953125000000002 0.7466666666666666 0.07500000000000001 0.088
0 0.38906250000000003 0.6693333333333333 0.096875 0.112
0 0.271484375 0.866 0.07265625 0.11066666666666666
10 0.45039062500000004 0.7713333333333333 0.11015625000000001 0.092
10 0.29140625000000003 0.7653333333333333 0.1046875 0.06133333333333333
10 0.290625 0.762 0.0890625 0.04933333333333333
0 0.170703125 0.7453333333333333 0.08671875000000001 0.112
0 0.389453125 0.6693333333333333 0.08671875000000001 0.09333333333333332
0 0.269140625 0.864 0.08828125 0.128
10 0.45039062500000004 0.7673333333333333 0.10078125 0.07333333333333333
10 0.44296875 0.8166666666666667 0.059375000000000004 0.044
10 0.290625 0.8266666666666667 0.05625 0.042666666666666665
