0 0.17421875 0.744 0.09375 0.11466666666666667
10 0.2921875 0.7666666666666666 0.10625000000000001 0.06933333333333333
0 0.27421875 0.8666666666666666 0.09062500000000001 0.13066666666666665
0 0.39179687500000004 0.694 0.10703125000000001 0.14266666666666666
10 0.4453125 0.8126666666666666 0.0578125 0.04133333333333333
10 0.44765625000000003 0.774 0.11406250000000001 0.08666666666666667
10 0.448046875 0.77 0.10234375000000001 0.07333333333333333
10 0.290625 0.8246666666666667 0.060937500000000006 0.04666666666666666
0 0.483203125 0.6753333333333333 0.10078125 0.20666666666666667
0 0.38593750000000004 0.6893333333333334 0.0890625 0.11733333333333333
0 0.40234375 0.6446666666666666 0.035937500000000004 0.04933333333333333
0 0.16953125000000002 0.7453333333333333 0.07187500000000001 0.09066666666666666
0 0.49140625000000004 0.6733333333333333 0.065625 0.16266666666666665
0 0.2734375 0.8653333333333333 0.07500000000000001 0.10133333333333333
10 0.28945312500000003 0.766 0.08984375 0.05733333333333333
0 0.39609375 0.6206666666666667 0.045312500000000006 0.052
10 0.483984375 0.8079999999999999 0.03671875 0.05333333333333333
