0 0.17343750000000002 0.7426666666666667 0.0859375 0.10666666666666666
10 0.28945312500000003 0.762 0.09921875000000001 0.07866666666666666
0 0.38984375000000004 0.6673333333333333 0.0921875 0.10533333333333333
10 0.44843750000000004 0.7613333333333333 0.1078125 0.096
10 0.444921875 0.8126666666666666 0.057031250000000006 0.04133333333333333
10 0.44843750000000004 0.7673333333333333 0.1 0.076
0 0.451171875 0.62 0.047656250000000004 0.16
0 0.290625 0.826 0.060937500000000006 0.044
0 0.47304687500000003 0.598 0.08046875 0.15866666666666665
10 0.275390625 0.866 0.08671875000000001 0.124
0 0.38984375000000004 0.6726666666666666 0.0859375 0.09733333333333333
0 0.446875 0.618 0.035937500000000004 0.148
0 0.16953125000000002 0.7453333333333333 0.07187500000000001 0.09066666666666666
0 0.2734375 0.8653333333333333 0.07500000000000001 0.10133333333333333
10 0.28945312500000003 0.766 0.08984375 0.05733333333333333
0 0.475390625 0.5993333333333333 0.07109375 0.15066666666666667
