0 0.27187500000000003 0.8693333333333333 0.08281250000000001 0.10933333333333332
0 0.614453125 0.778 0.05234375 0.03333333333333333
0 0.17148437500000002 0.7473333333333333 0.08046875 0.10533333333333333
10 0.440234375 0.822 0.07578125000000001 0.030666666666666665
10 0.28984375 0.7646666666666666 0.096875 0.07066666666666667
0 0.38710937500000003 0.6859999999999999 0.09765625 0.12933333333333333
10 0.44960937500000003 0.7839999999999999 0.10078125 0.03733333333333333
10 0.446875 0.74 0.125 0.07733333333333334
10 0.4453125 0.7326666666666667 0.11093750000000001 0.06266666666666666
0 0.384375 0.6873333333333334 0.08125 0.108
0 0.429296875 0.6273333333333333 0.10390625 0.09999999999999999
0 0.42617187500000003 0.6026666666666667 0.11328125 0.096
0 0.431640625 0.6266666666666666 0.09453125000000001 0.08533333333333333
0 0.42617187500000003 0.6066666666666667 0.10390625 0.08266666666666667
10 0.29140625000000003 0.764 0.08750000000000001 0.04533333333333333
10 0.291015625 0.8246666666666667 0.055468750000000004 0.044
0 0.27265625 0.8646666666666666 0.07187500000000001 0.10266666666666667
0 0.1765625 0.742 0.084375 0.092
10 0.448828125 0.7866666666666666 0.11484375000000001 0.072
