0 0.170703125 0.7473333333333333 0.09296875 0.11599999999999999
0 0.466796875 0.5833333333333333 0.06640625 0.11866666666666666
10 0.290234375 0.7653333333333333 0.10234375000000001 0.08
0 0.44843750000000004 0.618 0.034375 0.13999999999999999
0 0.27578125000000003 0.8686666666666666 0.09062500000000001 0.12933333333333333
0 0.38906250000000003 0.6706666666666666 0.08281250000000001 0.09333333333333332
0 0.393359375 0.6719999999999999 0.10546875 0.12
10 0.45078125 0.7673333333333333 0.1015625 0.07066666666666667
10 0.448046875 0.7673333333333333 0.11328125 0.08666666666666667
10 0.4375 0.8046666666666666 0.0734375 0.06266666666666666
0 0.17343750000000002 0.7453333333333333 0.07968750000000001 0.096
0 0.44648437500000004 0.6213333333333333 0.06328125 0.18933333333333333
10 0.291015625 0.768 0.09296875 0.058666666666666666
0 0.46875 0.594 0.08125 0.15866666666666665
0 0.291796875 0.8273333333333333 0.05859375 0.04666666666666666
0 0.27187500000000003 0.8673333333333333 0.07187500000000001 0.09999999999999999
