0 0.174609375 0.7466666666666666 0.09296875 0.10666666666666666
0 0.169921875 0.7473333333333333 0.07109375 0.08666666666666667
0 0.27265625 0.868 0.0734375 0.104
10 0.290234375 0.7686666666666666 0.10390625 0.06533333333333333
10 0.29140625000000003 0.824 0.05625 0.042666666666666665
0 0.384765625 0.69 0.09453125000000001 0.12933333333333333
10 0.28984375 0.766 0.0890625 0.04666666666666666
10 0.44765625000000003 0.746 0.1203125 0.07866666666666666
10 0.44960937500000003 0.7859999999999999 0.11484375000000001 0.07066666666666667
10 0.45039062500000004 0.8206666666666667 0.08515625 0.025333333333333333
0 0.27382812500000003 0.866 0.08828125 0.11333333333333333
10 0.44960937500000003 0.7846666666666666 0.10234375000000001 0.05733333333333333
10 0.446875 0.744 0.11093750000000001 0.048
0 0.38398437500000004 0.6873333333333334 0.08203125 0.10533333333333333
0 0.421875 0.6073333333333333 0.09375 0.07333333333333333
0 0.43007812500000003 0.6293333333333333 0.09140625000000001 0.08
0 0.4234375 0.6113333333333333 0.1171875 0.09999999999999999
0 0.43046875 0.6253333333333333 0.1125 0.112
