0 0.172265625 0.7426666666666667 0.07890625000000001 0.09333333333333332
10 0.44960937500000003 0.7646666666666666 0.10703125000000001 0.07333333333333333
10 0.28945312500000003 0.764 0.09140625000000001 0.050666666666666665
0 0.39101562500000003 0.6733333333333333 0.09609375 0.10666666666666666
10 0.28984375 0.7673333333333333 0.09375 0.06
10 0.28984375 0.8273333333333333 0.0578125 0.04933333333333333
0 0.169921875 0.7413333333333333 0.07578125000000001 0.09866666666666667
0 0.27265625 0.8693333333333333 0.07500000000000001 0.10666666666666666
15 0.392578125 0.6686666666666666 0.08828125 0.09733333333333333
10 0.44960937500000003 0.7646666666666666 0.09921875000000001 0.06533333333333333
0 0.45078125 0.6346666666666666 0.043750000000000004 0.18666666666666665
10 0.444140625 0.8126666666666666 0.06171875 0.04133333333333333
0 0.45156250000000003 0.6353333333333333 0.0390625 0.16933333333333334
