0 0.171875 0.7426666666666667 0.0859375 0.112
10 0.291015625 0.768 0.09765625 0.06933333333333333
0 0.393359375 0.6766666666666666 0.10390625 0.11333333333333333
10 0.45039062500000004 0.7706666666666666 0.11328125 0.09066666666666666
0 0.47265625 0.6046666666666667 0.084375 0.17466666666666666
0 0.45 0.6253333333333333 0.0484375 0.17066666666666666
0 0.47382812500000004 0.602 0.07734375 0.15866666666666665
0 0.274609375 0.87 0.08203125 0.11866666666666666
0 0.38906250000000003 0.6706666666666666 0.0859375 0.09333333333333332
10 0.4390625 0.8079999999999999 0.07187500000000001 0.042666666666666665
10 0.451171875 0.7706666666666666 0.09921875000000001 0.06666666666666667
0 0.17148437500000002 0.746 0.07578125000000001 0.09466666666666666
0 0.2921875 0.8233333333333333 0.060937500000000006 0.04666666666666666
10 0.28945312500000003 0.7686666666666666 0.08828125 0.06266666666666666
0 0.27265625 0.864 0.0734375 0.10666666666666666
0 0.448046875 0.6166666666666667 0.03671875 0.12933333333333333
