0 0.16914062500000002 0.75 0.07109375 0.076
0 0.3828125 0.69 0.09062500000000001 0.12666666666666665
10 0.28945312500000003 0.77 0.10390625 0.06533333333333333
0 0.273046875 0.8713333333333333 0.06953125 0.08933333333333333
0 0.16953125000000002 0.7486666666666666 0.08281250000000001 0.11866666666666666
10 0.288671875 0.8246666666666667 0.05859375 0.04133333333333333
10 0.29296875 0.778 0.08125 0.05733333333333333
0 0.43007812500000003 0.6233333333333333 0.11015625000000001 0.09733333333333333
0 0.423828125 0.6033333333333333 0.11328125 0.10266666666666667
10 0.44257812500000004 0.82 0.06171875 0.024
0 0.27382812500000003 0.864 0.07890625000000001 0.12
10 0.45 0.7846666666666666 0.1 0.052
10 0.440234375 0.78 0.12734375 0.08266666666666667
10 0.446875 0.7366666666666667 0.1078125 0.052
0 0.38320312500000003 0.6886666666666666 0.08203125 0.11066666666666666
10 0.44296875 0.7473333333333333 0.134375 0.076
0 0.432421875 0.6266666666666666 0.09296875 0.08533333333333333
0 0.42617187500000003 0.6053333333333333 0.09921875000000001 0.07466666666666666
0 0.6121093750000001 0.7726666666666666 0.05078125 0.03866666666666667
