0 0.38359375 0.6873333333333334 0.09531250000000001 0.132
0 0.49335937500000004 0.6706666666666666 0.06484375 0.15466666666666667
0 0.382421875 0.688 0.08046875 0.11733333333333333
10 0.448046875 0.7713333333333333 0.11484375000000001 0.07866666666666666
10 0.448828125 0.7686666666666666 0.10078125 0.06799999999999999
0 0.491796875 0.6699999999999999 0.07265625 0.16933333333333334
0 0.43046875 0.6233333333333333 0.11406250000000001 0.09999999999999999
10 0.44179687500000003 0.8119999999999999 0.06953125 0.03733333333333333
0 0.424609375 0.6046666666666667 0.11328125 0.108
0 0.42578125 0.6006666666666667 0.10312500000000001 0.08933333333333333
10 0.2890625 0.7693333333333333 0.10312500000000001 0.072
0 0.43203125000000003 0.6266666666666666 0.09531250000000001 0.08533333333333333
0 0.27109375 0.8646666666666666 0.09062500000000001 0.132
10 0.290625 0.764 0.0890625 0.05333333333333333
0 0.17148437500000002 0.742 0.08671875000000001 0.108
10 0.29140625000000003 0.8253333333333333 0.05625 0.048
0 0.273046875 0.8666666666666666 0.07265625 0.10666666666666666
0 0.171875 0.7426666666666667 0.078125 0.09333333333333332
