0 0.16953125000000002 0.75 0.06875 0.08399999999999999
0 0.76484375 0.772 0.08750000000000001 0.07466666666666666
0 0.27109375 0.8673333333333333 0.07187500000000001 0.09999999999999999
10 0.45 0.7839999999999999 0.11406250000000001 0.06133333333333333
10 0.29140625000000003 0.8246666666666667 0.0546875 0.04133333333333333
10 0.448828125 0.74 0.12265625000000001 0.08
10 0.28984375 0.7693333333333333 0.0890625 0.056
0 0.38359375 0.6853333333333333 0.0890625 0.11733333333333333
0 0.431640625 0.618 0.10234375000000001 0.09999999999999999
10 0.44296875 0.8233333333333333 0.0671875 0.02
0 0.42734375 0.6066666666666667 0.1078125 0.09333333333333332
10 0.44843750000000004 0.7826666666666666 0.1 0.048
10 0.291015625 0.7673333333333333 0.09453125000000001 0.05733333333333333
10 0.44648437500000004 0.746 0.11015625000000001 0.04666666666666666
0 0.272265625 0.8633333333333333 0.07734375 0.11066666666666666
0 0.3828125 0.6766666666666666 0.078125 0.08666666666666667
0 0.16914062500000002 0.7413333333333333 0.08515625 0.10133333333333333
0 0.43281250000000004 0.6286666666666666 0.096875 0.08133333333333333
0 0.42109375000000004 0.6086666666666667 0.09375 0.07066666666666667
0 0.7644531250000001 0.7766666666666666 0.07734375 0.05466666666666666
