0 0.178125 0.744 0.09375 0.112
0 0.16953125000000002 0.742 0.07187500000000001 0.08933333333333333
10 0.2890625 0.7633333333333333 0.11875000000000001 0.09466666666666666
0 0.272265625 0.8633333333333333 0.07265625 0.09466666666666666
0 0.27187500000000003 0.8673333333333333 0.0859375 0.11866666666666666
10 0.29140625000000003 0.764 0.084375 0.056
10 0.28984375 0.8246666666666667 0.0578125 0.04133333333333333
0 0.38984375000000004 0.6759999999999999 0.09531250000000001 0.12
0 0.3796875 0.6633333333333333 0.10312500000000001 0.11866666666666666
0 0.44648437500000004 0.6246666666666666 0.05234375 0.156
10 0.44765625000000003 0.76 0.096875 0.088
0 0.47109375000000003 0.6046666666666667 0.0859375 0.17733333333333332
10 0.4453125 0.7646666666666666 0.1125 0.11333333333333333
10 0.44648437500000004 0.8146666666666667 0.05859375 0.04
0 0.46875 0.598 0.0890625 0.15866666666666665
0 0.44062500000000004 0.6206666666666667 0.06406250000000001 0.13733333333333334
