10 0.280078125 0.7693333333333333 0.06640625 0.04533333333333333
0 0.346484375 0.8093333333333333 0.10546875 0.048
0 0.33828125000000003 0.7573333333333333 0.1015625 0.050666666666666665
10 0.27890625 0.768 0.06875 0.064
0 0.39921875 0.7713333333333333 0.09531250000000001 0.11066666666666666
0 0.384375 0.7006666666666667 0.115625 0.08133333333333333
0 0.38398437500000004 0.6993333333333334 0.11171875 0.06266666666666666
0 0.388671875 0.77 0.10859375 0.12933333333333333
10 0.444140625 0.752 0.10859375 0.08266666666666667
10 0.446875 0.7879999999999999 0.109375 0.104
10 0.448046875 0.7846666666666666 0.10234375000000001 0.08666666666666667
10 0.448046875 0.7473333333333333 0.12109375 0.09733333333333333
10 0.45039062500000004 0.8213333333333334 0.05234375 0.029333333333333333
0 0.504296875 0.7073333333333333 0.12265625000000001 0.11066666666666666
10 0.48125 0.8073333333333333 0.026562500000000003 0.05466666666666666
0 0.339453125 0.762 0.10546875 0.07866666666666666
0 0.5027343750000001 0.7066666666666667 0.11796875000000001 0.07733333333333334
