10 0.28671875 0.7793333333333333 0.09843750000000001 0.06799999999999999
0 0.361328125 0.6426666666666666 0.07890625000000001 0.144
0 0.38398437500000004 0.7006666666666667 0.12109375 0.07866666666666666
0 0.39960937500000004 0.776 0.10546875 0.128
10 0.44179687500000003 0.7473333333333333 0.11484375000000001 0.092
10 0.44648437500000004 0.7873333333333333 0.10859375 0.092
0 0.505859375 0.7026666666666667 0.11796875000000001 0.064
10 0.44296875 0.8226666666666667 0.07187500000000001 0.021333333333333333
0 0.504296875 0.7026666666666667 0.12421875 0.088
10 0.446875 0.7873333333333333 0.1046875 0.07333333333333333
10 0.44453125000000004 0.752 0.1078125 0.09066666666666666
0 0.394140625 0.768 0.08203125 0.09866666666666667
0 0.38515625000000003 0.7026666666666667 0.11406250000000001 0.06933333333333333
0 0.36875 0.6273333333333333 0.05625 0.10533333333333333
10 0.287890625 0.7793333333333333 0.08671875000000001 0.06
