10 0.280859375 0.8079999999999999 0.06796875000000001 0.11466666666666667
0 0.35781250000000003 0.648 0.0546875 0.16799999999999998
0 0.26796875000000003 0.7333333333333333 0.09843750000000001 0.06933333333333333
0 0.43085937500000004 0.7013333333333334 0.09609375 0.13866666666666666
0 0.31015625 0.7939999999999999 0.0671875 0.07866666666666666
10 0.519921875 0.722 0.08359375000000001 0.16133333333333333
0 0.358203125 0.6486666666666666 0.041406250000000006 0.14266666666666666
10 0.44609375 0.78 0.10312500000000001 0.10133333333333333
0 0.26484375 0.7293333333333333 0.11406250000000001 0.09066666666666666
0 0.43867187500000004 0.7046666666666667 0.09296875 0.11066666666666666
10 0.28164062500000003 0.8053333333333333 0.07421875 0.144
10 0.44921875 0.78 0.09843750000000001 0.09333333333333332
10 0.47968750000000004 0.7813333333333333 0.0578125 0.104
10 0.507421875 0.7973333333333333 0.03515625 0.088
10 0.521875 0.7293333333333333 0.0703125 0.13599999999999998
