0 0.169921875 0.744 0.07578125000000001 0.104
10 0.45 0.7806666666666666 0.1015625 0.09733333333333333
0 0.2734375 0.8653333333333333 0.07968750000000001 0.112
10 0.28984375 0.7653333333333333 0.09531250000000001 0.06666666666666667
10 0.45039062500000004 0.822 0.049218750000000006 0.028
0 0.384375 0.6833333333333333 0.096875 0.092
10 0.45 0.7793333333333333 0.096875 0.08666666666666667
10 0.291015625 0.8266666666666667 0.06015625 0.050666666666666665
0 0.43281250000000004 0.6246666666666666 0.1015625 0.09466666666666666
0 0.42500000000000004 0.6033333333333333 0.1078125 0.08933333333333333
0 0.3828125 0.6839999999999999 0.08750000000000001 0.08
10 0.44570312500000003 0.7533333333333333 0.11484375000000001 0.096
0 0.35195312500000003 0.7966666666666666 0.11484375000000001 0.06533333333333333
0 0.43203125000000003 0.6266666666666666 0.09843750000000001 0.09066666666666666
0 0.16953125000000002 0.7453333333333333 0.07187500000000001 0.09066666666666666
10 0.447265625 0.744 0.11015625000000001 0.08
0 0.2734375 0.8653333333333333 0.07500000000000001 0.10133333333333333
10 0.28945312500000003 0.766 0.08984375 0.05733333333333333
0 0.425390625 0.604 0.10546875 0.08533333333333333
0 0.3515625 0.7959999999999999 0.11093750000000001 0.058666666666666666
10 0.484375 0.8046666666666666 0.028125 0.06
