0 0.17109375000000002 0.7473333333333333 0.0890625 0.11599999999999999
0 0.170703125 0.744 0.07578125000000001 0.09066666666666666
0 0.26992187500000003 0.86 0.09296875 0.12533333333333332
0 0.272265625 0.866 0.07265625 0.09999999999999999
10 0.2921875 0.7713333333333333 0.096875 0.09466666666666666
10 0.290234375 0.7633333333333333 0.08671875000000001 0.04666666666666666
10 0.29140625000000003 0.8246666666666667 0.05625 0.044
0 0.35273437500000004 0.8053333333333333 0.12265625000000001 0.10666666666666666
0 0.35195312500000003 0.7986666666666666 0.11015625000000001 0.056
0 0.38710937500000003 0.6846666666666666 0.10859375 0.11333333333333333
10 0.4453125 0.7453333333333333 0.125 0.09333333333333332
10 0.451953125 0.7833333333333333 0.11328125 0.108
0 0.43398437500000003 0.6333333333333333 0.10859375 0.112
10 0.45039062500000004 0.782 0.09453125000000001 0.08666666666666667
0 0.435546875 0.6473333333333333 0.13984375000000002 0.132
10 0.44609375 0.7486666666666666 0.11093750000000001 0.07333333333333333
0 0.38320312500000003 0.6819999999999999 0.08515625 0.07333333333333333
0 0.42500000000000004 0.6046666666666667 0.10312500000000001 0.08133333333333333
0 0.431640625 0.6266666666666666 0.09765625 0.08533333333333333
