10 0.287890625 0.7786666666666666 0.09765625 0.06933333333333333
0 0.358984375 0.6353333333333333 0.06796875000000001 0.11066666666666666
10 0.2859375 0.7753333333333333 0.0859375 0.044
0 0.35859375000000004 0.6366666666666666 0.0734375 0.12666666666666665
0 0.384375 0.698 0.12187500000000001 0.07333333333333333
10 0.511328125 0.7953333333333333 0.03828125 0.08399999999999999
0 0.39921875 0.7766666666666666 0.10312500000000001 0.12933333333333333
0 0.39960937500000004 0.776 0.09296875 0.112
10 0.44453125000000004 0.7493333333333333 0.1203125 0.09066666666666666
10 0.444921875 0.8213333333333334 0.06171875 0.026666666666666665
0 0.504296875 0.7046666666666667 0.12890625 0.09466666666666666
10 0.48164062500000004 0.8079999999999999 0.02421875 0.050666666666666665
10 0.44765625000000003 0.7833333333333333 0.11406250000000001 0.09999999999999999
10 0.44921875 0.7853333333333333 0.1 0.08
10 0.44570312500000003 0.754 0.10703125000000001 0.08666666666666667
0 0.384765625 0.6973333333333334 0.11015625000000001 0.05333333333333333
0 0.503125 0.7073333333333333 0.11406250000000001 0.07333333333333333
