10 0.28984375 0.782 0.09062500000000001 0.092
10 0.53671875 0.48666666666666664 0.025 0.11466666666666667
10 0.28984375 0.7826666666666666 0.078125 0.072
0 0.39609375 0.7726666666666666 0.1046875 0.12133333333333333
0 0.384375 0.6953333333333334 0.12187500000000001 0.06533333333333333
0 0.39882812500000003 0.776 0.09140625000000001 0.112
10 0.44648437500000004 0.7493333333333333 0.11328125 0.09066666666666666
10 0.45 0.7826666666666666 0.10625000000000001 0.088
10 0.444921875 0.8213333333333334 0.06171875 0.026666666666666665
0 0.504296875 0.7066666666666667 0.13046875 0.088
10 0.48164062500000004 0.8079999999999999 0.02421875 0.050666666666666665
10 0.44921875 0.7853333333333333 0.1 0.08
10 0.5375 0.486 0.034375 0.12133333333333333
10 0.44570312500000003 0.754 0.10703125000000001 0.08666666666666667
0 0.384765625 0.6973333333333334 0.11015625000000001 0.05333333333333333
0 0.503125 0.7073333333333333 0.11406250000000001 0.07333333333333333
