0 0.39882812500000003 0.774 0.10078125 0.11866666666666666
0 0.38320312500000003 0.6973333333333334 0.11796875000000001 0.06666666666666667
10 0.44257812500000004 0.74 0.10703125000000001 0.072
10 0.448046875 0.7793333333333333 0.10703125000000001 0.108
10 0.28671875 0.7773333333333333 0.0921875 0.064
0 0.505078125 0.7046666666666667 0.12109375 0.07866666666666666
0 0.5046875000000001 0.7073333333333333 0.115625 0.06533333333333333
0 0.358984375 0.6373333333333333 0.07421875 0.128
0 0.36562500000000003 0.6326666666666666 0.05625 0.10533333333333333
10 0.28515625 0.7773333333333333 0.0890625 0.05333333333333333
10 0.48085937500000003 0.7833333333333333 0.06015625 0.108
0 0.38203125000000004 0.6973333333333334 0.11406250000000001 0.056
10 0.44179687500000003 0.7373333333333333 0.10234375000000001 0.058666666666666666
0 0.39570312500000004 0.7766666666666666 0.09609375 0.11333333333333333
10 0.509375 0.7939999999999999 0.03125 0.08666666666666667
10 0.447265625 0.7879999999999999 0.09453125000000001 0.07733333333333334
10 0.47382812500000004 0.7946666666666666 0.04453125 0.08266666666666667
