0 0.500390625 0.71 0.13984375000000002 0.09466666666666666
0 0.38789062500000004 0.7006666666666667 0.12265625000000001 0.07333333333333333
0 0.39687500000000003 0.7746666666666666 0.1015625 0.128
10 0.451953125 0.7826666666666666 0.11015625000000001 0.09866666666666667
10 0.443359375 0.752 0.11796875000000001 0.09333333333333332
0 0.503515625 0.7086666666666667 0.11484375000000001 0.07333333333333333
10 0.48046875 0.8073333333333333 0.0234375 0.04666666666666666
10 0.451171875 0.8193333333333334 0.049218750000000006 0.022666666666666665
10 0.45703125 0.7813333333333333 0.078125 0.06666666666666667
10 0.44570312500000003 0.7486666666666666 0.10703125000000001 0.07866666666666666
0 0.38320312500000003 0.6953333333333334 0.10703125000000001 0.052
0 0.39921875 0.774 0.0921875 0.108
0 0.339453125 0.8106666666666666 0.08671875000000001 0.04
0 0.32851562500000003 0.7526666666666666 0.07734375 0.036
10 0.27968750000000003 0.7773333333333333 0.065625 0.056
