10 0.28671875 0.7753333333333333 0.08281250000000001 0.04666666666666666
0 0.39882812500000003 0.774 0.10078125 0.11866666666666666
0 0.38320312500000003 0.6973333333333334 0.11796875000000001 0.06666666666666667
0 0.36015625 0.6406666666666666 0.06875 0.11866666666666666
0 0.38320312500000003 0.6993333333333334 0.10703125000000001 0.052
10 0.44257812500000004 0.74 0.10703125000000001 0.072
0 0.39492187500000003 0.7813333333333333 0.09140625000000001 0.11733333333333333
10 0.448046875 0.7793333333333333 0.10703125000000001 0.108
10 0.28671875 0.7773333333333333 0.0921875 0.064
10 0.441015625 0.7453333333333333 0.09765625 0.06133333333333333
10 0.44453125000000004 0.7866666666666666 0.09375 0.06933333333333333
0 0.50390625 0.7053333333333333 0.1234375 0.08
0 0.358984375 0.6373333333333333 0.07421875 0.128
0 0.5027343750000001 0.7073333333333333 0.10859375 0.06266666666666666
10 0.48085937500000003 0.7833333333333333 0.06015625 0.108
10 0.4734375 0.7973333333333333 0.043750000000000004 0.07466666666666666
10 0.508984375 0.7939999999999999 0.032031250000000004 0.08133333333333333
