0 0.17539062500000002 0.7433333333333333 0.09765625 0.11333333333333333
10 0.29375 0.7706666666666666 0.11406250000000001 0.088
0 0.34492187500000004 0.7979999999999999 0.13984375000000002 0.092
0 0.27578125000000003 0.8666666666666666 0.0859375 0.12533333333333332
0 0.38789062500000004 0.688 0.11015625000000001 0.104
10 0.44296875 0.7586666666666666 0.12187500000000001 0.112
10 0.444140625 0.7859999999999999 0.11796875000000001 0.11333333333333333
0 0.424609375 0.6073333333333333 0.11796875000000001 0.11599999999999999
0 0.424609375 0.6053333333333333 0.10546875 0.08
0 0.427734375 0.6293333333333333 0.11484375000000001 0.11733333333333333
0 0.429296875 0.6293333333333333 0.09453125000000001 0.08266666666666667
0 0.385546875 0.6839999999999999 0.09140625000000001 0.08266666666666667
10 0.446875 0.7526666666666666 0.1125 0.08399999999999999
10 0.448828125 0.7806666666666666 0.10390625 0.08399999999999999
10 0.439453125 0.824 0.08046875 0.032
0 0.353515625 0.7986666666666666 0.11171875 0.064
10 0.291796875 0.7633333333333333 0.09140625000000001 0.052
0 0.28984375 0.8233333333333333 0.059375000000000004 0.07066666666666667
0 0.272265625 0.8666666666666666 0.07421875 0.104
0 0.17343750000000002 0.746 0.078125 0.09733333333333333
