10 0.28750000000000003 0.7773333333333333 0.0890625 0.06133333333333333
10 0.288671875 0.78 0.08984375 0.05333333333333333
0 0.39375000000000004 0.7793333333333333 0.09531250000000001 0.11066666666666666
0 0.38203125000000004 0.694 0.115625 0.04666666666666666
10 0.437109375 0.7313333333333333 0.09140625000000001 0.05466666666666666
10 0.44648437500000004 0.7913333333333333 0.08828125 0.07866666666666666
10 0.48203125 0.7879999999999999 0.060937500000000006 0.10933333333333332
10 0.47734375 0.7959999999999999 0.05 0.08
10 0.45 0.7846666666666666 0.1078125 0.092
10 0.508203125 0.7926666666666666 0.032031250000000004 0.08399999999999999
0 0.36757812500000003 0.6326666666666666 0.055468750000000004 0.10266666666666667
0 0.359375 0.6366666666666666 0.07187500000000001 0.12933333333333333
0 0.505078125 0.7026666666666667 0.11484375000000001 0.06133333333333333
0 0.38710937500000003 0.696 0.11953125 0.06666666666666667
0 0.5027343750000001 0.7046666666666667 0.11796875000000001 0.07866666666666666
10 0.446875 0.7406666666666667 0.11875000000000001 0.07333333333333333
0 0.39492187500000003 0.7773333333333333 0.09921875000000001 0.12266666666666666
