10 0.28671875 0.7833333333333333 0.08281250000000001 0.07866666666666666
0 0.38359375 0.6973333333333334 0.11093750000000001 0.056
0 0.396484375 0.7753333333333333 0.09453125000000001 0.11066666666666666
0 0.35976562500000003 0.636 0.06796875000000001 0.112
10 0.478515625 0.7866666666666666 0.055468750000000004 0.09333333333333332
0 0.358203125 0.636 0.07109375 0.14133333333333334
10 0.44843750000000004 0.7893333333333333 0.1 0.07466666666666666
10 0.28750000000000003 0.78 0.09531250000000001 0.06666666666666667
10 0.446875 0.7426666666666667 0.1125 0.072
0 0.5027343750000001 0.7066666666666667 0.12734375 0.072
0 0.503125 0.7053333333333333 0.115625 0.06933333333333333
0 0.38789062500000004 0.7026666666666667 0.12578125 0.06933333333333333
10 0.4 0.7713333333333333 0.1015625 0.11599999999999999
10 0.44765625000000003 0.7446666666666666 0.1375 0.08399999999999999
10 0.448828125 0.7826666666666666 0.11328125 0.10133333333333333
10 0.509765625 0.7899999999999999 0.03359375 0.08399999999999999
