0 0.267578125 0.736 0.11640625 0.08533333333333333
0 0.267578125 0.734 0.09765625 0.06533333333333333
10 0.27109375 0.8033333333333333 0.0671875 0.11066666666666666
0 0.357421875 0.644 0.07734375 0.14133333333333334
0 0.312109375 0.7946666666666666 0.06484375 0.07733333333333334
0 0.42734375 0.6953333333333334 0.084375 0.132
0 0.35859375000000004 0.6466666666666666 0.06875 0.128
10 0.44257812500000004 0.78 0.10546875 0.104
0 0.429296875 0.7033333333333333 0.07265625 0.108
10 0.521484375 0.7293333333333333 0.07890625000000001 0.152
10 0.27890625 0.8046666666666666 0.0671875 0.11599999999999999
10 0.45234375000000004 0.7753333333333333 0.10625000000000001 0.09999999999999999
10 0.47968750000000004 0.7933333333333333 0.0578125 0.088
10 0.507421875 0.8019999999999999 0.03515625 0.08399999999999999
10 0.52109375 0.734 0.0734375 0.14266666666666666
