0 0.39570312500000004 0.774 0.10078125 0.11866666666666666
0 0.38320312500000003 0.6973333333333334 0.11796875000000001 0.06666666666666667
10 0.44257812500000004 0.74 0.10703125000000001 0.072
10 0.448046875 0.7793333333333333 0.10703125000000001 0.108
10 0.28671875 0.7773333333333333 0.0921875 0.064
10 0.28828125 0.7793333333333333 0.0859375 0.052
0 0.505078125 0.7046666666666667 0.12109375 0.07866666666666666
0 0.358984375 0.6373333333333333 0.07421875 0.128
0 0.3875 0.7726666666666666 0.078125 0.10533333333333333
0 0.504296875 0.7046666666666667 0.11015625000000001 0.06
10 0.48085937500000003 0.7833333333333333 0.06015625 0.108
0 0.36875 0.6306666666666666 0.051562500000000004 0.09866666666666667
0 0.380859375 0.698 0.10546875 0.04666666666666666
10 0.43671875000000004 0.7366666666666667 0.0921875 0.05466666666666666
10 0.5066406250000001 0.7959999999999999 0.03359375 0.08
10 0.44453125000000004 0.7926666666666666 0.0921875 0.06533333333333333
