0 0.26875 0.738 0.109375 0.09733333333333333
10 0.2828125 0.8113333333333334 0.0734375 0.13999999999999999
0 0.36171875000000003 0.648 0.08750000000000001 0.14133333333333334
0 0.43398437500000003 0.7113333333333333 0.09921875000000001 0.13999999999999999
10 0.446875 0.7813333333333333 0.11093750000000001 0.112
10 0.47500000000000003 0.7846666666666666 0.0734375 0.12933333333333333
10 0.5183593750000001 0.7886666666666666 0.022656250000000003 0.08933333333333333
0 0.358984375 0.6453333333333333 0.06796875000000001 0.128
10 0.47968750000000004 0.7793333333333333 0.0578125 0.10533333333333333
10 0.444921875 0.7793333333333333 0.09296875 0.08933333333333333
0 0.43046875 0.7066666666666667 0.07500000000000001 0.11733333333333333
0 0.309375 0.7953333333333333 0.0671875 0.07333333333333333
0 0.26796875000000003 0.7346666666666667 0.1 0.072
10 0.283984375 0.8119999999999999 0.06171875 0.112
