10 0.45039062500000004 0.7793333333333333 0.10859375 0.10266666666666667
0 0.44648437500000004 0.744 0.11796875000000001 0.06933333333333333
0 0.441015625 0.6906666666666667 0.11484375000000001 0.08266666666666667
10 0.287109375 0.778 0.08828125 0.06
0 0.504296875 0.7106666666666667 0.12109375 0.096
10 0.28828125 0.7773333333333333 0.09531250000000001 0.064
0 0.35625 0.6426666666666666 0.0765625 0.13066666666666665
0 0.50546875 0.71 0.11875000000000001 0.08666666666666667
10 0.479296875 0.7866666666666666 0.06171875 0.104
0 0.358984375 0.6426666666666666 0.07734375 0.13866666666666666
0 0.44257812500000004 0.696 0.11171875 0.08266666666666667
0 0.444140625 0.746 0.11171875 0.06
10 0.45 0.7826666666666666 0.1015625 0.08533333333333333
10 0.478125 0.7919999999999999 0.059375000000000004 0.088
10 0.516015625 0.7866666666666666 0.03515625 0.08266666666666667
