0 0.173828125 0.746 0.08828125 0.12666666666666665
0 0.272265625 0.8653333333333333 0.08359375000000001 0.12
10 0.282421875 0.7706666666666666 0.08203125 0.064
0 0.278515625 0.6806666666666666 0.04609375 0.164
10 0.45039062500000004 0.822 0.049218750000000006 0.028
10 0.341796875 0.7506666666666666 0.10078125 0.10666666666666666
10 0.448828125 0.7853333333333333 0.09921875000000001 0.08
0 0.291015625 0.8266666666666667 0.06015625 0.050666666666666665
0 0.39765625000000004 0.768 0.1 0.128
10 0.4390625 0.7706666666666666 0.1234375 0.128
0 0.40156250000000004 0.6206666666666667 0.0625 0.07333333333333333
10 0.44453125000000004 0.7413333333333333 0.1203125 0.11733333333333333
0 0.27890625 0.6793333333333333 0.034375 0.15333333333333332
0 0.16953125000000002 0.7453333333333333 0.07187500000000001 0.09066666666666666
10 0.44570312500000003 0.7493333333333333 0.11015625000000001 0.08266666666666667
0 0.2734375 0.8653333333333333 0.07500000000000001 0.10133333333333333
10 0.28164062500000003 0.7726666666666666 0.07421875 0.044
10 0.34296875000000004 0.76 0.09843750000000001 0.08533333333333333
0 0.342578125 0.8086666666666666 0.09609375 0.052
10 0.48476562500000003 0.8053333333333333 0.02890625 0.058666666666666666
0 0.398046875 0.772 0.09296875 0.12533333333333332
