10 0.28750000000000003 0.778 0.096875 0.092
10 0.28750000000000003 0.7813333333333333 0.07968750000000001 0.06933333333333333
10 0.39609375 0.772 0.1046875 0.12266666666666666
10 0.39921875 0.7746666666666666 0.09375 0.10666666666666666
10 0.38359375 0.6993333333333334 0.11875000000000001 0.076
10 0.382421875 0.6966666666666667 0.10703125000000001 0.05466666666666666
10 0.447265625 0.7813333333333333 0.10546875 0.09333333333333332
10 0.453125 0.7833333333333333 0.09375 0.07066666666666667
10 0.44648437500000004 0.7446666666666666 0.11640625 0.08399999999999999
10 0.444140625 0.746 0.10390625 0.07066666666666667
10 0.503125 0.7006666666666667 0.1203125 0.08399999999999999
10 0.503125 0.708 0.1125 0.072
