0 0.171875 0.7446666666666666 0.0859375 0.108
10 0.291015625 0.768 0.09765625 0.072
0 0.27421875 0.866 0.084375 0.11866666666666666
0 0.35273437500000004 0.8006666666666666 0.12265625000000001 0.08399999999999999
10 0.45039062500000004 0.822 0.049218750000000006 0.028
0 0.390234375 0.6913333333333334 0.10859375 0.11599999999999999
10 0.45 0.7793333333333333 0.096875 0.08666666666666667
10 0.291015625 0.8266666666666667 0.06015625 0.050666666666666665
10 0.44140625 0.7526666666666666 0.11875000000000001 0.10533333333333333
10 0.44960937500000003 0.7833333333333333 0.10859375 0.11866666666666666
0 0.3828125 0.6839999999999999 0.08750000000000001 0.08
0 0.431640625 0.6073333333333333 0.12578125 0.11066666666666666
0 0.43085937500000004 0.6253333333333333 0.11015625000000001 0.09866666666666667
0 0.43203125000000003 0.6266666666666666 0.09843750000000001 0.09066666666666666
0 0.16953125000000002 0.7453333333333333 0.07187500000000001 0.09066666666666666
10 0.447265625 0.744 0.11015625000000001 0.08
0 0.2734375 0.8653333333333333 0.07500000000000001 0.10133333333333333
10 0.28945312500000003 0.766 0.08984375 0.05733333333333333
0 0.425390625 0.604 0.10546875 0.08533333333333333
0 0.3515625 0.7959999999999999 0.11093750000000001 0.058666666666666666
10 0.484375 0.8046666666666666 0.028125 0.06
