0 0.1640625 0.746 0.09375 0.124
0 0.273046875 0.866 0.07109375 0.10266666666666667
0 0.169921875 0.7426666666666667 0.07109375 0.09333333333333332
0 0.270703125 0.8653333333333333 0.08828125 0.11733333333333333
10 0.28984375 0.776 0.1 0.09866666666666667
10 0.29375 0.8213333333333334 0.060937500000000006 0.058666666666666666
10 0.291796875 0.766 0.08984375 0.052
0 0.349609375 0.8033333333333333 0.11953125 0.11066666666666666
0 0.353515625 0.7993333333333333 0.11015625000000001 0.04933333333333333
0 0.39453125 0.7733333333333333 0.1078125 0.152
0 0.396484375 0.7706666666666666 0.08828125 0.11466666666666667
10 0.448046875 0.7879999999999999 0.11484375000000001 0.112
0 0.38398437500000004 0.6886666666666666 0.08515625 0.08933333333333333
10 0.44375000000000003 0.7453333333333333 0.1203125 0.11733333333333333
0 0.38398437500000004 0.6806666666666666 0.09921875000000001 0.11599999999999999
0 0.42031250000000003 0.6053333333333333 0.09531250000000001 0.07733333333333334
0 0.42265625 0.6093333333333333 0.1078125 0.112
0 0.42890625000000004 0.6293333333333333 0.09062500000000001 0.08
0 0.427734375 0.6353333333333333 0.10390625 0.108
10 0.446875 0.754 0.10312500000000001 0.092
10 0.45546875000000003 0.7866666666666666 0.0859375 0.064
10 0.441015625 0.8326666666666667 0.07421875 0.044
