0 0.265234375 0.7306666666666667 0.09296875 0.06666666666666667
10 0.28125 0.8093333333333333 0.06875 0.11733333333333333
0 0.3125 0.7899999999999999 0.065625 0.08666666666666667
0 0.35781250000000003 0.6466666666666666 0.0703125 0.13066666666666665
0 0.429296875 0.7033333333333333 0.07421875 0.108
0 0.26796875000000003 0.7306666666666667 0.1125 0.10133333333333333
10 0.43789062500000003 0.7733333333333333 0.08671875000000001 0.096
0 0.362109375 0.6533333333333333 0.08359375000000001 0.15466666666666667
10 0.4765625 0.7853333333333333 0.053125000000000006 0.10133333333333333
0 0.431640625 0.7066666666666667 0.08984375 0.128
10 0.505078125 0.7979999999999999 0.03671875 0.08399999999999999
10 0.521875 0.7306666666666667 0.08125 0.15466666666666667
10 0.523046875 0.73 0.07265625 0.13466666666666666
10 0.44140625 0.7713333333333333 0.11875000000000001 0.13999999999999999
