10 0.287890625 0.778 0.08984375 0.04933333333333333
0 0.39882812500000003 0.7726666666666666 0.10078125 0.12133333333333333
0 0.38320312500000003 0.6973333333333334 0.11796875000000001 0.06666666666666667
0 0.503125 0.706 0.115625 0.06266666666666666
15 0.3828125 0.698 0.11406250000000001 0.04666666666666666
10 0.448046875 0.7533333333333333 0.11796875000000001 0.09866666666666667
0 0.36796875 0.6313333333333333 0.05 0.09999999999999999
10 0.448828125 0.7846666666666666 0.10859375 0.09733333333333333
10 0.28671875 0.7773333333333333 0.0921875 0.064
0 0.3953125 0.7793333333333333 0.0890625 0.11333333333333333
10 0.448828125 0.7933333333333333 0.09921875000000001 0.06133333333333333
0 0.50390625 0.7053333333333333 0.1234375 0.08
0 0.358984375 0.6373333333333333 0.07421875 0.128
10 0.482421875 0.814 0.032031250000000004 0.04133333333333333
10 0.448046875 0.7406666666666667 0.11015625000000001 0.05466666666666666
