10 0.28671875 0.7766666666666666 0.096875 0.06266666666666666
0 0.36054687500000004 0.6426666666666666 0.07578125000000001 0.14666666666666667
0 0.3828125 0.696 0.12187500000000001 0.08
0 0.39687500000000003 0.7746666666666666 0.1 0.12533333333333332
10 0.45 0.7826666666666666 0.11093750000000001 0.09333333333333332
10 0.44609375 0.7466666666666666 0.11875000000000001 0.096
0 0.50546875 0.7086666666666667 0.115625 0.06799999999999999
0 0.36562500000000003 0.634 0.059375000000000004 0.11333333333333333
0 0.504296875 0.7086666666666667 0.12421875 0.08399999999999999
0 0.38671875 0.6946666666666667 0.115625 0.050666666666666665
10 0.44843750000000004 0.7486666666666666 0.115625 0.076
0 0.39765625000000004 0.774 0.09375 0.11333333333333333
10 0.448828125 0.7873333333333333 0.10078125 0.092
10 0.44648437500000004 0.8173333333333334 0.06015625 0.034666666666666665
10 0.509375 0.7966666666666666 0.035937500000000004 0.08933333333333333
10 0.287109375 0.778 0.08828125 0.05733333333333333
