0 0.34101562500000004 0.762 0.11015625000000001 0.08933333333333333
0 0.3984375 0.7733333333333333 0.09843750000000001 0.11733333333333333
10 0.44921875 0.7833333333333333 0.1015625 0.09733333333333333
10 0.44570312500000003 0.7493333333333333 0.11796875000000001 0.08533333333333333
0 0.384375 0.696 0.12187500000000001 0.06933333333333333
0 0.38515625000000003 0.696 0.11093750000000001 0.050666666666666665
10 0.451171875 0.7506666666666666 0.11484375000000001 0.07466666666666666
13 0.3875 0.7626666666666666 0.0890625 0.112
10 0.447265625 0.7839999999999999 0.09609375 0.08533333333333333
0 0.34296875000000004 0.766 0.1 0.06
0 0.342578125 0.8086666666666666 0.08203125 0.04133333333333333
0 0.284375 0.8226666666666667 0.034375 0.13599999999999998
