10 0.28515625 0.7793333333333333 0.1015625 0.07066666666666667
0 0.359375 0.6426666666666666 0.08125 0.13866666666666666
0 0.38671875 0.7 0.125 0.08533333333333333
0 0.397265625 0.7746666666666666 0.10859375 0.12533333333333332
10 0.44570312500000003 0.7386666666666667 0.11953125 0.08266666666666667
0 0.503125 0.7053333333333333 0.125 0.08533333333333333
0 0.504296875 0.7073333333333333 0.11484375000000001 0.06533333333333333
0 0.36875 0.6306666666666666 0.0546875 0.10666666666666666
10 0.509765625 0.7933333333333333 0.032031250000000004 0.08533333333333333
0 0.38671875 0.7006666666666667 0.11406250000000001 0.05733333333333333
10 0.44453125000000004 0.7386666666666667 0.109375 0.05333333333333333
10 0.47890625000000003 0.7919999999999999 0.05625 0.09333333333333332
10 0.448828125 0.7853333333333333 0.10234375000000001 0.07466666666666666
0 0.39609375 0.7726666666666666 0.09531250000000001 0.11066666666666666
10 0.28828125 0.7806666666666666 0.08750000000000001 0.05733333333333333
