10 0.282421875 0.7773333333333333 0.10078125 0.07466666666666666
10 0.28750000000000003 0.778 0.084375 0.04933333333333333
0 0.3609375 0.638 0.0765625 0.14533333333333334
0 0.358203125 0.646 0.06953125 0.132
0 0.43984375000000003 0.6953333333333334 0.109375 0.11599999999999999
0 0.434375 0.694 0.09375 0.07333333333333333
0 0.505859375 0.7126666666666667 0.12890625 0.10533333333333333
0 0.505859375 0.7106666666666667 0.11171875 0.08266666666666667
0 0.45039062500000004 0.7453333333333333 0.12109375 0.088
10 0.451171875 0.7573333333333333 0.11484375000000001 0.04533333333333333
10 0.44453125000000004 0.7959999999999999 0.09062500000000001 0.072
10 0.47578125000000004 0.7973333333333333 0.0484375 0.06933333333333333
10 0.515234375 0.7893333333333333 0.02890625 0.08266666666666667
10 0.45625000000000004 0.7859999999999999 0.1203125 0.10533333333333333
