10 0.28359375000000003 0.7746666666666666 0.09843750000000001 0.08
0 0.358984375 0.6353333333333333 0.06796875000000001 0.11066666666666666
10 0.2859375 0.7753333333333333 0.0859375 0.044
0 0.39375000000000004 0.7786666666666666 0.10625000000000001 0.14133333333333334
0 0.380859375 0.7006666666666667 0.12265625000000001 0.08666666666666667
10 0.511328125 0.7939999999999999 0.03828125 0.08666666666666667
0 0.396484375 0.776 0.09453125000000001 0.112
10 0.44257812500000004 0.734 0.10078125 0.07866666666666666
10 0.448046875 0.7873333333333333 0.10546875 0.12133333333333333
0 0.358203125 0.6333333333333333 0.08359375000000001 0.13333333333333333
10 0.474609375 0.7979999999999999 0.04296875 0.07333333333333333
10 0.44960937500000003 0.7806666666666666 0.09921875000000001 0.08666666666666667
0 0.50390625 0.7046666666666667 0.12812500000000002 0.08933333333333333
10 0.44140625 0.7373333333333333 0.10312500000000001 0.056
0 0.384765625 0.6973333333333334 0.11015625000000001 0.05333333333333333
0 0.503125 0.7073333333333333 0.11406250000000001 0.07333333333333333
