10 0.28554687500000003 0.7766666666666666 0.10078125 0.06799999999999999
10 0.28750000000000003 0.7786666666666666 0.08750000000000001 0.04533333333333333
0 0.384765625 0.6906666666666667 0.11953125 0.09066666666666666
0 0.39921875 0.774 0.09062500000000001 0.108
0 0.358203125 0.6373333333333333 0.06484375 0.11466666666666667
0 0.39570312500000004 0.7766666666666666 0.09921875000000001 0.12666666666666665
0 0.385546875 0.696 0.10859375 0.05333333333333333
10 0.45078125 0.7839999999999999 0.115625 0.104
10 0.44375000000000003 0.738 0.1203125 0.11333333333333333
10 0.44921875 0.7853333333333333 0.096875 0.08
0 0.503125 0.6966666666666667 0.1234375 0.10533333333333333
10 0.4453125 0.7506666666666666 0.10625000000000001 0.07733333333333334
0 0.50390625 0.706 0.11406250000000001 0.06799999999999999
