10 0.290234375 0.776 0.10390625 0.08
10 0.28554687500000003 0.778 0.08671875000000001 0.04933333333333333
0 0.366796875 0.6293333333333333 0.05390625 0.104
0 0.3984375 0.7746666666666666 0.1015625 0.128
0 0.380859375 0.7046666666666667 0.12421875 0.08666666666666667
0 0.503125 0.712 0.11406250000000001 0.072
0 0.36250000000000004 0.6406666666666666 0.0765625 0.13466666666666666
0 0.382421875 0.7006666666666667 0.11328125 0.05466666666666666
0 0.398046875 0.7733333333333333 0.09296875 0.10933333333333332
10 0.444921875 0.7493333333333333 0.11640625 0.096
10 0.444921875 0.7493333333333333 0.10859375 0.07466666666666666
10 0.44765625000000003 0.7806666666666666 0.11093750000000001 0.11599999999999999
0 0.505078125 0.7066666666666667 0.12421875 0.104
10 0.67734375 0.9006666666666666 0.065625 0.11066666666666666
10 0.448046875 0.7893333333333333 0.10078125 0.09066666666666666
10 0.683203125 0.8893333333333333 0.07109375 0.13333333333333333
