10 0.28750000000000003 0.7753333333333333 0.09843750000000001 0.076
0 0.3953125 0.7706666666666666 0.1015625 0.12533333333333332
10 0.44609375 0.742 0.115625 0.08666666666666667
0 0.4421875 0.694 0.12187500000000001 0.11599999999999999
0 0.504296875 0.71 0.11171875 0.08399999999999999
0 0.444140625 0.702 0.10703125000000001 0.092
0 0.5007812500000001 0.7093333333333333 0.1296875 0.10933333333333332
0 0.3671875 0.6306666666666666 0.051562500000000004 0.104
0 0.373828125 0.6953333333333334 0.09296875 0.06799999999999999
10 0.44843750000000004 0.7406666666666667 0.1296875 0.076
10 0.44648437500000004 0.7866666666666666 0.11015625000000001 0.10133333333333333
10 0.515625 0.7886666666666666 0.037500000000000006 0.08933333333333333
0 0.47500000000000003 0.7906666666666666 0.0484375 0.09333333333333332
10 0.44843750000000004 0.778 0.096875 0.092
0 0.3953125 0.7713333333333333 0.0921875 0.11599999999999999
10 0.28750000000000003 0.7793333333333333 0.0890625 0.05466666666666666
