0 0.170703125 0.7466666666666666 0.08515625 0.12533333333333332
0 0.16953125000000002 0.746 0.07187500000000001 0.08933333333333333
0 0.274609375 0.8653333333333333 0.07265625 0.09866666666666667
10 0.29453125 0.774 0.109375 0.07866666666666666
0 0.27421875 0.8673333333333333 0.084375 0.11599999999999999
10 0.28984375 0.8313333333333333 0.0578125 0.05466666666666666
0 0.353125 0.7999999999999999 0.125 0.07466666666666666
0 0.35234375 0.8066666666666666 0.109375 0.04533333333333333
10 0.291015625 0.7653333333333333 0.09140625000000001 0.04533333333333333
0 0.393359375 0.6853333333333333 0.11640625 0.104
10 0.44179687500000003 0.7533333333333333 0.11640625 0.096
10 0.448046875 0.8206666666666667 0.05234375 0.022666666666666665
10 0.44921875 0.7879999999999999 0.1125 0.10666666666666666
10 0.45039062500000004 0.7846666666666666 0.09140625000000001 0.07066666666666667
0 0.42500000000000004 0.608 0.11093750000000001 0.10933333333333332
10 0.44179687500000003 0.7406666666666667 0.10234375000000001 0.052
0 0.38398437500000004 0.6859999999999999 0.08828125 0.07866666666666666
0 0.43007812500000003 0.6226666666666666 0.11171875 0.112
0 0.42812500000000003 0.6273333333333333 0.0921875 0.08133333333333333
0 0.42421875000000003 0.6 0.1 0.08266666666666667
