10 0.28984375 0.778 0.1203125 0.09999999999999999
10 0.2859375 0.778 0.08750000000000001 0.05466666666666666
0 0.35859375000000004 0.6373333333333333 0.07187500000000001 0.11733333333333333
10 0.38906250000000003 0.782 0.1015625 0.156
0 0.366796875 0.6486666666666666 0.09140625000000001 0.15866666666666665
0 0.39882812500000003 0.7766666666666666 0.09453125000000001 0.11866666666666666
0 0.38320312500000003 0.6973333333333334 0.10859375 0.058666666666666666
10 0.44375000000000003 0.7446666666666666 0.11875000000000001 0.11599999999999999
10 0.448828125 0.7926666666666666 0.13515625 0.12933333333333333
10 0.4453125 0.7493333333333333 0.109375 0.08
10 0.447265625 0.7846666666666666 0.09921875000000001 0.08133333333333333
10 0.44765625000000003 0.8226666666666667 0.0546875 0.024
10 0.478515625 0.8086666666666666 0.025781250000000002 0.052
10 0.5085937500000001 0.7953333333333333 0.035937500000000004 0.07866666666666666
0 0.483203125 0.71 0.07421875 0.07333333333333333
0 0.378515625 0.708 0.12578125 0.09066666666666666
10 0.5390625 0.7273333333333333 0.045312500000000006 0.08399999999999999
