10 0.28945312500000003 0.7853333333333333 0.08984375 0.096
10 0.396484375 0.7746666666666666 0.10234375000000001 0.128
10 0.38320312500000003 0.702 0.11953125 0.08399999999999999
10 0.44570312500000003 0.7873333333333333 0.11484375000000001 0.11599999999999999
10 0.444921875 0.7546666666666666 0.11640625 0.104
10 0.505078125 0.706 0.12109375 0.08666666666666667
10 0.503515625 0.708 0.11640625 0.06666666666666667
10 0.28750000000000003 0.7833333333333333 0.07968750000000001 0.076
10 0.39687500000000003 0.774 0.09375 0.11333333333333333
10 0.447265625 0.7839999999999999 0.09765625 0.08266666666666667
10 0.385546875 0.6953333333333334 0.11171875 0.05733333333333333
10 0.444921875 0.7513333333333333 0.10703125000000001 0.07866666666666666
