10 0.3875 0.7006666666666667 0.12187500000000001 0.08666666666666667
10 0.39570312500000004 0.7686666666666666 0.10390625 0.132
10 0.44765625000000003 0.7493333333333333 0.11406250000000001 0.10933333333333332
10 0.50625 0.7073333333333333 0.1171875 0.08933333333333333
10 0.501953125 0.7073333333333333 0.11015625000000001 0.07066666666666667
10 0.38320312500000003 0.6973333333333334 0.10546875 0.056
10 0.397265625 0.7746666666666666 0.09453125000000001 0.112
10 0.44453125000000004 0.754 0.10625000000000001 0.08133333333333333
10 0.45 0.7886666666666666 0.109375 0.10533333333333333
10 0.44765625000000003 0.7853333333333333 0.09375 0.07466666666666666
