10 0.28515625 0.7786666666666666 0.0859375 0.048
0 0.50390625 0.7053333333333333 0.1265625 0.096
0 0.3609375 0.6386666666666666 0.078125 0.13599999999999998
0 0.39921875 0.776 0.096875 0.10933333333333332
10 0.28203125 0.78 0.1078125 0.07466666666666666
0 0.358203125 0.6353333333333333 0.06953125 0.11066666666666666
0 0.38125000000000003 0.6986666666666667 0.1203125 0.07733333333333334
0 0.384765625 0.6986666666666667 0.11171875 0.05333333333333333
0 0.397265625 0.7746666666666666 0.09921875000000001 0.13066666666666665
10 0.44375000000000003 0.75 0.1 0.076
10 0.443359375 0.7453333333333333 0.12109375 0.10933333333333332
10 0.44921875 0.7906666666666666 0.096875 0.08
10 0.44570312500000003 0.7866666666666666 0.11640625 0.104
10 0.512109375 0.8026666666666666 0.03515625 0.07733333333333334
0 0.503515625 0.708 0.11171875 0.06666666666666667
