0 0.2671875 0.732 0.096875 0.07466666666666666
10 0.282421875 0.8066666666666666 0.057031250000000006 0.10933333333333332
0 0.309375 0.7953333333333333 0.065625 0.076
0 0.359375 0.648 0.065625 0.13333333333333333
0 0.358203125 0.6473333333333333 0.07265625 0.13999999999999999
0 0.4375 0.7073333333333333 0.09062500000000001 0.11333333333333333
0 0.437109375 0.708 0.09296875 0.12533333333333332
10 0.44843750000000004 0.7879999999999999 0.09843750000000001 0.08533333333333333
10 0.280078125 0.8086666666666666 0.07265625 0.132
10 0.4765625 0.7906666666666666 0.051562500000000004 0.08533333333333333
10 0.52109375 0.7306666666666667 0.07968750000000001 0.144
10 0.5066406250000001 0.7986666666666666 0.03359375 0.08533333333333333
10 0.44843750000000004 0.7806666666666666 0.1046875 0.10266666666666667
10 0.5265625 0.7293333333333333 0.0671875 0.13599999999999998
0 0.268359375 0.7326666666666667 0.10546875 0.07866666666666666
10 0.479296875 0.7846666666666666 0.06328125 0.108
