0 0.3828125 0.7013333333333334 0.109375 0.06133333333333333
10 0.284375 0.7753333333333333 0.1 0.07066666666666667
10 0.2859375 0.78 0.09062500000000001 0.050666666666666665
0 0.35664062500000004 0.64 0.08046875 0.13333333333333333
0 0.503125 0.708 0.115625 0.07466666666666666
0 0.50625 0.7046666666666667 0.125 0.076
10 0.509375 0.7979999999999999 0.035937500000000004 0.09466666666666666
0 0.39296875000000003 0.7673333333333333 0.10625000000000001 0.13733333333333334
0 0.39609375 0.7753333333333333 0.09843750000000001 0.11333333333333333
0 0.3828125 0.704 0.11875000000000001 0.072
0 0.359375 0.6373333333333333 0.06875 0.11733333333333333
10 0.4390625 0.7386666666666667 0.12187500000000001 0.08
10 0.44179687500000003 0.7373333333333333 0.10546875 0.056
10 0.44179687500000003 0.7873333333333333 0.08671875000000001 0.07333333333333333
10 0.47421875 0.7986666666666666 0.05 0.072
