10 0.5 0.706 0.1328125 0.08666666666666667
10 0.28984375 0.7826666666666666 0.078125 0.072
10 0.397265625 0.7706666666666666 0.10703125000000001 0.13333333333333333
10 0.385546875 0.6973333333333334 0.12109375 0.06666666666666667
10 0.284765625 0.7806666666666666 0.09609375 0.09733333333333333
10 0.39882812500000003 0.776 0.09140625000000001 0.112
10 0.45 0.7839999999999999 0.1078125 0.09333333333333332
10 0.444921875 0.8213333333333334 0.06171875 0.026666666666666665
10 0.44296875 0.7533333333333333 0.1234375 0.08533333333333333
10 0.48164062500000004 0.8079999999999999 0.02421875 0.050666666666666665
10 0.44921875 0.7853333333333333 0.1 0.08
10 0.44570312500000003 0.754 0.10703125000000001 0.08666666666666667
10 0.384765625 0.6973333333333334 0.11015625000000001 0.05333333333333333
10 0.503125 0.7073333333333333 0.11406250000000001 0.07333333333333333
