10 0.286328125 0.7793333333333333 0.09453125000000001 0.07333333333333333
10 0.28554687500000003 0.778 0.08515625 0.04933333333333333
0 0.3640625 0.6366666666666666 0.0671875 0.12933333333333333
0 0.36757812500000003 0.64 0.05390625 0.11466666666666667
0 0.380859375 0.7006666666666667 0.12421875 0.07333333333333333
0 0.38398437500000004 0.6986666666666667 0.11015625000000001 0.05333333333333333
0 0.38320312500000003 0.762 0.08046875 0.11066666666666666
0 0.38320312500000003 0.7686666666666666 0.06953125 0.092
10 0.447265625 0.7506666666666666 0.11953125 0.09866666666666667
10 0.44179687500000003 0.744 0.10234375000000001 0.06133333333333333
10 0.44843750000000004 0.7953333333333333 0.1015625 0.06799999999999999
0 0.4921875 0.6973333333333334 0.09375 0.08
10 0.452734375 0.7953333333333333 0.11171875 0.12666666666666665
10 0.508984375 0.8019999999999999 0.032031250000000004 0.07333333333333333
0 0.49062500000000003 0.708 0.08750000000000001 0.06666666666666667
