10 0.28945312500000003 0.7753333333333333 0.10078125 0.06799999999999999
10 0.286328125 0.7753333333333333 0.08828125 0.05733333333333333
0 0.35703125 0.6393333333333333 0.07968750000000001 0.148
0 0.359375 0.6453333333333333 0.0703125 0.13333333333333333
0 0.43828125 0.6933333333333334 0.115625 0.10666666666666666
0 0.44375000000000003 0.7433333333333333 0.109375 0.05733333333333333
0 0.44257812500000004 0.7446666666666666 0.12890625 0.07333333333333333
10 0.515234375 0.7926666666666666 0.03515625 0.09466666666666666
10 0.448828125 0.7906666666666666 0.10703125000000001 0.104
10 0.478515625 0.7873333333333333 0.05390625 0.092
10 0.45 0.78 0.10312500000000001 0.09333333333333332
0 0.504296875 0.7126666666666667 0.12265625000000001 0.11599999999999999
0 0.4421875 0.698 0.11093750000000001 0.08666666666666667
0 0.503125 0.7113333333333333 0.11875000000000001 0.08933333333333333
10 0.7386718750000001 0.8713333333333333 0.06640625 0.13999999999999999
