10 0.283984375 0.8099999999999999 0.06484375 0.108
10 0.44960937500000003 0.7813333333333333 0.10546875 0.104
0 0.358203125 0.6486666666666666 0.039843750000000004 0.14533333333333334
0 0.43828125 0.7053333333333333 0.1015625 0.12533333333333332
0 0.43789062500000003 0.7033333333333333 0.08984375 0.11333333333333333
10 0.521484375 0.728 0.07734375 0.14666666666666667
10 0.4453125 0.78 0.09062500000000001 0.09333333333333332
10 0.480078125 0.7793333333333333 0.06484375 0.11066666666666666
10 0.47734375 0.7846666666666666 0.053125000000000006 0.09466666666666666
10 0.508984375 0.7919999999999999 0.02734375 0.08
0 0.35781250000000003 0.6493333333333333 0.046875 0.15733333333333333
10 0.52109375 0.7313333333333333 0.06875 0.13466666666666666
10 0.283203125 0.8099999999999999 0.06953125 0.11866666666666666
