0 0.2671875 0.7346666666666667 0.1046875 0.09333333333333332
0 0.35781250000000003 0.638 0.07500000000000001 0.148
0 0.43203125000000003 0.6986666666666667 0.0921875 0.13599999999999998
10 0.44570312500000003 0.7826666666666666 0.10234375000000001 0.12266666666666666
0 0.35859375000000004 0.6453333333333333 0.0703125 0.13066666666666665
10 0.5222656250000001 0.7286666666666667 0.07890625000000001 0.156
0 0.43789062500000003 0.7046666666666667 0.09140625000000001 0.11066666666666666
10 0.52109375 0.7286666666666667 0.0734375 0.13733333333333334
0 0.268359375 0.7353333333333333 0.10078125 0.076
0 0.309375 0.7939999999999999 0.065625 0.07866666666666666
10 0.283984375 0.8086666666666666 0.06015625 0.11333333333333333
10 0.44648437500000004 0.7786666666666666 0.09609375 0.09333333333333332
10 0.47734375 0.7893333333333333 0.05625 0.08533333333333333
10 0.507421875 0.7946666666666666 0.03515625 0.08266666666666667
