0 0.26796875000000003 0.7366666666666667 0.11406250000000001 0.108
0 0.26953125 0.7326666666666667 0.1 0.06533333333333333
10 0.280859375 0.8099999999999999 0.07890625000000001 0.13999999999999999
10 0.2828125 0.8146666666666667 0.065625 0.128
0 0.31171875000000004 0.7999999999999999 0.0671875 0.096
0 0.35781250000000003 0.6466666666666666 0.060937500000000006 0.17866666666666667
0 0.358984375 0.6486666666666666 0.03828125 0.148
0 0.435546875 0.7053333333333333 0.10859375 0.144
0 0.43203125000000003 0.7026666666666667 0.0765625 0.112
10 0.523046875 0.7333333333333333 0.08671875000000001 0.16533333333333333
10 0.44648437500000004 0.7839999999999999 0.11328125 0.12
10 0.44648437500000004 0.7793333333333333 0.09453125000000001 0.08933333333333333
10 0.478515625 0.7919999999999999 0.057031250000000006 0.08266666666666667
10 0.51171875 0.7993333333333333 0.043750000000000004 0.07866666666666666
10 0.525 0.7313333333333333 0.06875 0.13466666666666666
