10 0.284375 0.774 0.1015625 0.06799999999999999
10 0.2859375 0.776 0.084375 0.050666666666666665
0 0.35703125 0.64 0.07968750000000001 0.14133333333333334
0 0.397265625 0.776 0.09296875 0.10933333333333332
0 0.384765625 0.7013333333333334 0.12109375 0.072
0 0.38398437500000004 0.6993333333333334 0.10546875 0.052
0 0.35781250000000003 0.6366666666666666 0.0671875 0.11599999999999999
0 0.39140625 0.7666666666666666 0.109375 0.13066666666666665
10 0.443359375 0.7873333333333333 0.08828125 0.07333333333333333
0 0.498828125 0.7013333333333334 0.12578125 0.08266666666666667
10 0.4375 0.736 0.1203125 0.07733333333333334
10 0.478125 0.7873333333333333 0.051562500000000004 0.09466666666666666
10 0.5105468750000001 0.7913333333333333 0.02890625 0.08133333333333333
0 0.503125 0.7066666666666667 0.11093750000000001 0.06666666666666667
10 0.441015625 0.736 0.09765625 0.056
