10 0.287109375 0.7706666666666666 0.10390625 0.08266666666666667
0 0.35976562500000003 0.638 0.07890625000000001 0.14266666666666666
0 0.43789062500000003 0.704 0.12421875 0.12533333333333332
0 0.499609375 0.7126666666666667 0.13203125000000002 0.11066666666666666
10 0.44843750000000004 0.754 0.1390625 0.09733333333333333
10 0.28750000000000003 0.7773333333333333 0.0859375 0.048
10 0.441015625 0.7839999999999999 0.13046875 0.12
0 0.50546875 0.7146666666666667 0.11093750000000001 0.088
0 0.366015625 0.63 0.05078125 0.10266666666666667
10 0.5144531250000001 0.7899999999999999 0.030468750000000003 0.08666666666666667
0 0.44140625 0.7013333333333334 0.11093750000000001 0.088
10 0.474609375 0.7973333333333333 0.047656250000000004 0.06933333333333333
0 0.39687500000000003 0.776 0.1046875 0.14133333333333334
10 0.44960937500000003 0.7813333333333333 0.10078125 0.08533333333333333
10 0.439453125 0.7353333333333333 0.09921875000000001 0.04666666666666666
0 0.39609375 0.7746666666666666 0.09375 0.112
0 0.374609375 0.7066666666666667 0.09296875 0.056
