0 0.50234375 0.7053333333333333 0.12812500000000002 0.09333333333333332
0 0.390234375 0.7006666666666667 0.13203125000000002 0.06266666666666666
0 0.397265625 0.7746666666666666 0.10234375000000001 0.12266666666666666
10 0.451171875 0.7853333333333333 0.10703125000000001 0.09333333333333332
0 0.50703125 0.7093333333333333 0.115625 0.08
0 0.385546875 0.6973333333333334 0.11171875 0.06133333333333333
10 0.44375000000000003 0.75 0.1125 0.092
10 0.444140625 0.754 0.12109375 0.09733333333333333
10 0.4453125 0.7893333333333333 0.11875000000000001 0.08
10 0.443359375 0.8233333333333333 0.06796875000000001 0.030666666666666665
0 0.39687500000000003 0.768 0.0921875 0.12266666666666666
0 0.335546875 0.758 0.09921875000000001 0.07066666666666667
0 0.339453125 0.8066666666666666 0.09140625000000001 0.06133333333333333
10 0.27890625 0.7753333333333333 0.06875 0.052
