10 0.288671875 0.78 0.08984375 0.09066666666666666
10 0.287890625 0.7793333333333333 0.08046875 0.06533333333333333
10 0.385546875 0.6966666666666667 0.12109375 0.076
10 0.397265625 0.7706666666666666 0.09140625000000001 0.10666666666666666
10 0.39765625000000004 0.7753333333333333 0.1015625 0.12666666666666665
10 0.43867187500000004 0.7433333333333333 0.11171875 0.07866666666666666
10 0.446875 0.7859999999999999 0.1046875 0.09466666666666666
10 0.447265625 0.7866666666666666 0.09453125000000001 0.08
10 0.447265625 0.7513333333333333 0.11640625 0.092
10 0.50390625 0.7053333333333333 0.1125 0.06133333333333333
10 0.3828125 0.6973333333333334 0.1078125 0.050666666666666665
10 0.505859375 0.7033333333333333 0.11953125 0.08399999999999999
10 0.45429687500000004 0.8226666666666667 0.04296875 0.018666666666666665
