10 0.28750000000000003 0.7766666666666666 0.096875 0.07066666666666667
10 0.28750000000000003 0.7833333333333333 0.084375 0.07866666666666666
0 0.3609375 0.638 0.07500000000000001 0.12666666666666665
0 0.38359375 0.6973333333333334 0.11093750000000001 0.056
0 0.384765625 0.696 0.11796875000000001 0.07466666666666666
0 0.39609375 0.7746666666666666 0.09531250000000001 0.112
0 0.35976562500000003 0.636 0.06796875000000001 0.112
0 0.39375000000000004 0.7693333333333333 0.1015625 0.12533333333333332
10 0.444140625 0.7393333333333333 0.11640625 0.076
10 0.478515625 0.7866666666666666 0.055468750000000004 0.09333333333333332
10 0.45351562500000003 0.7846666666666666 0.11796875000000001 0.10533333333333333
10 0.44843750000000004 0.7893333333333333 0.1 0.07466666666666666
10 0.446875 0.7426666666666667 0.1125 0.072
0 0.505078125 0.704 0.11796875000000001 0.09066666666666666
0 0.503125 0.7053333333333333 0.115625 0.06933333333333333
10 0.509765625 0.7899999999999999 0.03359375 0.08399999999999999
