0 0.36015625 0.632 0.0328125 0.10933333333333332
0 0.33710937500000004 0.7873333333333333 0.041406250000000006 0.05733333333333333
13 0.36015625 0.6346666666666666 0.046875 0.14133333333333334
0 0.44062500000000004 0.708 0.1046875 0.13066666666666665
0 0.43828125 0.706 0.0921875 0.11599999999999999
10 0.4453125 0.778 0.09843750000000001 0.10533333333333333
10 0.44609375 0.7813333333333333 0.09375 0.08533333333333333
10 0.483984375 0.782 0.06640625 0.11599999999999999
10 0.480078125 0.7886666666666666 0.057031250000000006 0.08933333333333333
10 0.521484375 0.7313333333333333 0.08359375000000001 0.148
10 0.509765625 0.7926666666666666 0.03359375 0.08666666666666667
10 0.525390625 0.73 0.06484375 0.13466666666666666
