10 0.28359375000000003 0.8246666666666667 0.0625 0.132
10 0.37929687500000003 0.818 0.06484375 0.017333333333333333
10 0.44257812500000004 0.826 0.05390625 0.02
10 0.451171875 0.8059999999999999 0.09921875000000001 0.05466666666666666
10 0.52578125 0.7293333333333333 0.07968750000000001 0.14133333333333334
10 0.507421875 0.7993333333333333 0.032031250000000004 0.08399999999999999
0 0.353125 0.642 0.0625 0.13999999999999999
0 0.35234375 0.6453333333333333 0.0578125 0.13333333333333333
10 0.45351562500000003 0.7999999999999999 0.11015625000000001 0.056
10 0.52265625 0.7306666666666667 0.06875 0.13599999999999998
10 0.283984375 0.8193333333333334 0.06328125 0.14533333333333334
10 0.6546875000000001 0.7926666666666666 0.035937500000000004 0.08666666666666667
