10 0.30585937500000004 0.758 0.09453125000000001 0.04933333333333333
10 0.375 0.8079999999999999 0.0546875 0.042666666666666665
10 0.42500000000000004 0.7693333333333333 0.078125 0.11466666666666667
0 0.34921875 0.632 0.09843750000000001 0.10133333333333333
10 0.441015625 0.8186666666666667 0.06171875 0.026666666666666665
1 0.408984375 0.736 0.10234375000000001 0.09866666666666667
1 0.416015625 0.6793333333333333 0.11484375000000001 0.09466666666666666
1 0.4109375 0.7306666666666667 0.115625 0.112
1 0.412109375 0.6786666666666666 0.09609375 0.064
0 0.3484375 0.6313333333333333 0.0859375 0.08666666666666667
10 0.42304687500000004 0.7726666666666666 0.08359375000000001 0.12933333333333333
10 0.30234375 0.7593333333333333 0.1046875 0.07333333333333333
