0 0.353125 0.6446666666666666 0.07187500000000001 0.15066666666666667
10 0.52265625 0.7253333333333333 0.07500000000000001 0.152
10 0.453125 0.7993333333333333 0.11093750000000001 0.076
10 0.28359375000000003 0.8013333333333333 0.0890625 0.096
0 0.353515625 0.6413333333333333 0.06171875 0.13333333333333333
10 0.65390625 0.7939999999999999 0.0390625 0.09466666666666666
10 0.5234375 0.7293333333333333 0.0734375 0.13866666666666666
10 0.50703125 0.7966666666666666 0.034375 0.08133333333333333
10 0.45156250000000003 0.7999999999999999 0.1015625 0.07466666666666666
10 0.381640625 0.8106666666666666 0.07734375 0.032
10 0.283203125 0.7886666666666666 0.07265625 0.076
10 0.4375 0.8213333333333334 0.07187500000000001 0.026666666666666665
