10 0.30078125 0.8193333333333334 0.096875 0.15333333333333332
0 0.34921875 0.6293333333333333 0.08750000000000001 0.096
10 0.32734375000000004 0.7486666666666666 0.1046875 0.07333333333333333
10 0.380859375 0.8146666666666667 0.07109375 0.032
0 0.347265625 0.6346666666666666 0.09765625 0.112
10 0.44062500000000004 0.8233333333333333 0.06406250000000001 0.030666666666666665
10 0.32656250000000003 0.7513333333333333 0.096875 0.07066666666666667
10 0.43867187500000004 0.8273333333333333 0.06796875000000001 0.014666666666666666
10 0.29921875000000003 0.826 0.0890625 0.132
10 0.581640625 0.778 0.07734375 0.04133333333333333
