10 0.284765625 0.8013333333333333 0.07265625 0.088
0 0.354296875 0.6393333333333333 0.08046875 0.156
10 0.28359375000000003 0.7973333333333333 0.0890625 0.12
0 0.351171875 0.6446666666666666 0.06171875 0.13999999999999999
10 0.3828125 0.8186666666666667 0.07187500000000001 0.026666666666666665
10 0.45234375000000004 0.7979999999999999 0.11875000000000001 0.09999999999999999
10 0.523828125 0.7286666666666667 0.08203125 0.15866666666666665
10 0.50703125 0.7939999999999999 0.037500000000000006 0.08399999999999999
10 0.451171875 0.7993333333333333 0.10546875 0.07066666666666667
10 0.6531250000000001 0.7953333333333333 0.040625 0.09466666666666666
10 0.52265625 0.73 0.07187500000000001 0.13999999999999999
