10 0.3015625 0.8246666666666667 0.09843750000000001 0.148
0 0.3484375 0.6306666666666666 0.0859375 0.09333333333333332
10 0.32578125 0.7493333333333333 0.1046875 0.072
10 0.380859375 0.7979999999999999 0.06640625 0.06533333333333333
0 0.34804687500000003 0.6313333333333333 0.09296875 0.10266666666666667
10 0.42695312500000004 0.77 0.08046875 0.11866666666666666
10 0.326171875 0.75 0.09765625 0.06799999999999999
10 0.42695312500000004 0.7713333333333333 0.08984375 0.13733333333333334
10 0.44140625 0.8193333333333334 0.0625 0.030666666666666665
10 0.29921875000000003 0.826 0.0890625 0.132
10 0.548046875 0.7453333333333333 0.04453125 0.104
