10 0.283203125 0.8246666666666667 0.06484375 0.13466666666666666
0 0.34375 0.6406666666666666 0.09375 0.14533333333333334
0 0.31562500000000004 0.758 0.059375000000000004 0.09999999999999999
10 0.52734375 0.7293333333333333 0.07500000000000001 0.152
10 0.373828125 0.818 0.057031250000000006 0.017333333333333333
10 0.451953125 0.8033333333333333 0.11484375000000001 0.08666666666666667
10 0.28125 0.8233333333333333 0.084375 0.15866666666666665
10 0.45039062500000004 0.8013333333333333 0.10078125 0.042666666666666665
10 0.443359375 0.8253333333333333 0.057031250000000006 0.013333333333333332
10 0.509765625 0.7973333333333333 0.030468750000000003 0.08533333333333333
10 0.5261718750000001 0.73 0.06328125 0.13733333333333334
0 0.34921875 0.6253333333333333 0.065625 0.104
10 0.65390625 0.7993333333333333 0.034375 0.08133333333333333
