10 0.280859375 0.7959999999999999 0.07265625 0.07733333333333334
0 0.34921875 0.6473333333333333 0.07500000000000001 0.16133333333333333
10 0.38203125000000004 0.816 0.0703125 0.016
10 0.521875 0.722 0.08125 0.16933333333333334
10 0.45156250000000003 0.7973333333333333 0.11406250000000001 0.08266666666666667
10 0.444140625 0.826 0.057031250000000006 0.014666666666666666
10 0.282421875 0.7966666666666666 0.09453125000000001 0.11066666666666666
10 0.45039062500000004 0.8013333333333333 0.10234375000000001 0.05333333333333333
10 0.509375 0.7939999999999999 0.0328125 0.08399999999999999
10 0.6507812500000001 0.7953333333333333 0.0546875 0.108
10 0.5265625 0.7293333333333333 0.065625 0.13333333333333333
10 0.645703125 0.7913333333333333 0.05234375 0.09466666666666666
0 0.35273437500000004 0.6406666666666666 0.05859375 0.124
