10 0.32539062500000004 0.7486666666666666 0.10703125000000001 0.076
1 0.6175781250000001 0.7906666666666666 0.10546875 0.09066666666666666
0 0.34765625 0.6313333333333333 0.09531250000000001 0.11066666666666666
0 0.34765625 0.6306666666666666 0.0890625 0.09333333333333332
10 0.303515625 0.824 0.10234375000000001 0.13866666666666666
10 0.32734375000000004 0.7506666666666666 0.096875 0.064
10 0.299609375 0.8213333333333334 0.08984375 0.13066666666666665
10 0.425390625 0.768 0.08828125 0.144
10 0.3828125 0.8006666666666666 0.07187500000000001 0.052
1 0.6160156250000001 0.7893333333333333 0.11171875 0.104
10 0.44257812500000004 0.8206666666666667 0.06015625 0.028
10 0.42578125 0.7693333333333333 0.07968750000000001 0.12
