0 0.34609375000000003 0.634 0.09375 0.11066666666666666
0 0.34804687500000003 0.6326666666666666 0.08828125 0.08933333333333333
1 0.41015625 0.6799999999999999 0.1203125 0.096
1 0.41640625000000003 0.6813333333333333 0.10625000000000001 0.07466666666666666
1 0.4078125 0.7293333333333333 0.1203125 0.11733333333333333
15 0.40468750000000003 0.7246666666666667 0.0921875 0.07866666666666666
10 0.323828125 0.7526666666666666 0.10703125000000001 0.08399999999999999
10 0.42734375 0.7666666666666666 0.07500000000000001 0.11733333333333333
10 0.2984375 0.8246666666666667 0.09843750000000001 0.14266666666666666
10 0.32539062500000004 0.752 0.09765625 0.06933333333333333
10 0.42304687500000004 0.7726666666666666 0.09140625000000001 0.124
10 0.30898437500000003 0.8326666666666667 0.06953125 0.12933333333333333
10 0.3765625 0.8046666666666666 0.05625 0.04133333333333333
