10 0.298046875 0.8246666666666667 0.09609375 0.156
0 0.3484375 0.6306666666666666 0.0859375 0.09066666666666666
10 0.32578125 0.7506666666666666 0.1046875 0.07466666666666666
10 0.377734375 0.7946666666666666 0.06171875 0.064
0 0.34804687500000003 0.6293333333333333 0.09609375 0.10133333333333333
10 0.441015625 0.8193333333333334 0.06171875 0.028
10 0.299609375 0.8253333333333333 0.08671875000000001 0.13066666666666665
10 0.42617187500000003 0.7706666666666666 0.08515625 0.13333333333333333
10 0.32656250000000003 0.7526666666666666 0.09531250000000001 0.06
10 0.42617187500000003 0.7686666666666666 0.07734375 0.12133333333333333
1 0.7777343750000001 0.878 0.05390625 0.09999999999999999
