0 0.34765625 0.632 0.0921875 0.10666666666666666
0 0.3484375 0.6313333333333333 0.0859375 0.08933333333333333
10 0.32656250000000003 0.7486666666666666 0.10312500000000001 0.076
10 0.326171875 0.752 0.09765625 0.058666666666666666
10 0.30078125 0.8213333333333334 0.09843750000000001 0.13599999999999998
10 0.299609375 0.8246666666666667 0.08828125 0.12933333333333333
10 0.37734375000000003 0.8006666666666666 0.05625 0.04933333333333333
10 0.42734375 0.7733333333333333 0.08281250000000001 0.13333333333333333
10 0.428515625 0.7726666666666666 0.07734375 0.11333333333333333
10 0.44453125000000004 0.8193333333333334 0.0546875 0.030666666666666665
