0 0.3484375 0.6353333333333333 0.096875 0.11866666666666666
10 0.32890625 0.7546666666666666 0.1203125 0.09866666666666667
10 0.299609375 0.822 0.10078125 0.16933333333333334
10 0.425390625 0.7713333333333333 0.10078125 0.13999999999999999
1 0.6136718750000001 0.7813333333333333 0.13515625 0.13866666666666666
0 0.3484375 0.6313333333333333 0.08750000000000001 0.092
10 0.326953125 0.7506666666666666 0.09765625 0.06133333333333333
10 0.299609375 0.8273333333333333 0.08828125 0.12933333333333333
10 0.37734375000000003 0.8013333333333333 0.0625 0.050666666666666665
10 0.44140625 0.82 0.065625 0.026666666666666665
10 0.42578125 0.768 0.078125 0.11466666666666667
1 0.6175781250000001 0.7893333333333333 0.10390625 0.088
