0 0.34765625 0.63 0.09375 0.092
0 0.34765625 0.6313333333333333 0.08750000000000001 0.08666666666666667
1 0.405859375 0.7113333333333333 0.10546875 0.04933333333333333
15 0.41054687500000003 0.714 0.10546875 0.05733333333333333
10 0.326171875 0.748 0.10078125 0.07466666666666666
10 0.326953125 0.7486666666666666 0.09296875 0.05466666666666666
10 0.300390625 0.824 0.09140625000000001 0.14133333333333334
10 0.298828125 0.8213333333333334 0.08671875000000001 0.12266666666666666
10 0.3765625 0.8099999999999999 0.05625 0.04666666666666666
10 0.42578125 0.7706666666666666 0.078125 0.12
10 0.42500000000000004 0.7693333333333333 0.07500000000000001 0.11733333333333333
10 0.444140625 0.8186666666666667 0.05859375 0.024
