10 0.29921875000000003 0.824 0.1 0.144
0 0.3484375 0.6313333333333333 0.0890625 0.09733333333333333
10 0.32734375000000004 0.76 0.11406250000000001 0.09866666666666667
10 0.38125000000000003 0.7939999999999999 0.0671875 0.06
10 0.32656250000000003 0.7506666666666666 0.096875 0.064
1 0.408203125 0.7133333333333333 0.12109375 0.08533333333333333
10 0.42617187500000003 0.7706666666666666 0.08203125 0.13333333333333333
10 0.44257812500000004 0.818 0.06328125 0.03333333333333333
10 0.2984375 0.824 0.0890625 0.13066666666666665
0 0.3484375 0.6306666666666666 0.1 0.112
1 0.421875 0.6806666666666666 0.10312500000000001 0.092
10 0.42500000000000004 0.772 0.0765625 0.128
1 0.40937500000000004 0.714 0.1078125 0.06799999999999999
1 0.41953125 0.6773333333333333 0.0921875 0.06666666666666667
