0 0.3484375 0.6313333333333333 0.0890625 0.09733333333333333
10 0.38125000000000003 0.7939999999999999 0.0671875 0.06
10 0.32656250000000003 0.7506666666666666 0.096875 0.064
10 0.44257812500000004 0.818 0.06328125 0.03333333333333333
10 0.2984375 0.8233333333333333 0.0890625 0.132
0 0.345703125 0.6246666666666666 0.09453125000000001 0.11599999999999999
1 0.41328125000000004 0.6813333333333333 0.10625000000000001 0.08533333333333333
1 0.41250000000000003 0.7326666666666667 0.11093750000000001 0.11599999999999999
10 0.325 0.7526666666666666 0.10625000000000001 0.076
10 0.30000000000000004 0.826 0.1015625 0.148
10 0.428515625 0.7746666666666666 0.08828125 0.13066666666666665
10 0.42500000000000004 0.772 0.0765625 0.128
1 0.40937500000000004 0.714 0.1078125 0.06799999999999999
1 0.41250000000000003 0.6806666666666666 0.09843750000000001 0.076
