0 0.350390625 0.6333333333333333 0.09609375 0.112
0 0.34882812500000004 0.6306666666666666 0.08671875000000001 0.09066666666666666
10 0.3640625 0.7786666666666666 0.046875 0.09066666666666666
1 0.41796875 0.6973333333333334 0.1171875 0.128
1 0.409765625 0.7326666666666667 0.11015625000000001 0.12666666666666665
10 0.43984375000000003 0.8126666666666666 0.0671875 0.03866666666666667
10 0.296484375 0.7993333333333333 0.10390625 0.07866666666666666
10 0.29921875000000003 0.8033333333333333 0.09062500000000001 0.052
10 0.304296875 0.7513333333333333 0.10546875 0.076
10 0.31328125 0.7573333333333333 0.078125 0.050666666666666665
1 0.412109375 0.736 0.10546875 0.10133333333333333
1 0.412890625 0.6893333333333334 0.09765625 0.09066666666666666
