0 0.34765625 0.6326666666666666 0.09531250000000001 0.11599999999999999
1 0.412890625 0.6806666666666666 0.10859375 0.08933333333333333
1 0.408984375 0.7233333333333333 0.11328125 0.09733333333333333
10 0.32460937500000003 0.75 0.09609375 0.06266666666666666
10 0.429296875 0.772 0.09140625000000001 0.13066666666666665
10 0.29921875000000003 0.8266666666666667 0.084375 0.128
10 0.32578125 0.7513333333333333 0.1046875 0.08133333333333333
10 0.30117187500000003 0.828 0.09921875000000001 0.14933333333333332
0 0.34687500000000004 0.634 0.08750000000000001 0.092
1 0.41523437500000004 0.6746666666666666 0.10234375000000001 0.06133333333333333
1 0.40742187500000004 0.7206666666666667 0.09921875000000001 0.076
10 0.369921875 0.8099999999999999 0.04609375 0.03333333333333333
10 0.423828125 0.7713333333333333 0.07890625000000001 0.11599999999999999
10 0.43867187500000004 0.8173333333333334 0.06484375 0.029333333333333333
