0 0.3453125 0.6353333333333333 0.09375 0.10533333333333333
15 0.41250000000000003 0.7166666666666667 0.11093750000000001 0.06
0 0.346484375 0.6326666666666666 0.08203125 0.092
1 0.40703125 0.7133333333333333 0.12187500000000001 0.088
10 0.291796875 0.8273333333333333 0.10859375 0.148
10 0.32578125 0.7506666666666666 0.09531250000000001 0.058666666666666666
10 0.30000000000000004 0.824 0.0890625 0.13066666666666665
10 0.325 0.746 0.10312500000000001 0.092
10 0.37578125 0.7946666666666666 0.060937500000000006 0.06133333333333333
10 0.42617187500000003 0.77 0.08203125 0.13466666666666666
10 0.42500000000000004 0.7706666666666666 0.08281250000000001 0.11733333333333333
10 0.44375000000000003 0.8193333333333334 0.059375000000000004 0.028
