10 0.30195312500000004 0.8059999999999999 0.08515625 0.04933333333333333
1 0.41250000000000003 0.7346666666666667 0.115625 0.11466666666666667
10 0.30625 0.7566666666666666 0.07968750000000001 0.052
1 0.415625 0.6733333333333333 0.1171875 0.09866666666666667
0 0.34218750000000003 0.626 0.1078125 0.11866666666666666
10 0.36054687500000004 0.778 0.041406250000000006 0.08666666666666667
10 0.298828125 0.7533333333333333 0.11015625000000001 0.06933333333333333
10 0.44257812500000004 0.8133333333333334 0.06328125 0.034666666666666665
10 0.30078125 0.8073333333333333 0.10625000000000001 0.076
1 0.41171875 0.744 0.10625000000000001 0.09866666666666667
1 0.41484375 0.6826666666666666 0.1 0.09333333333333332
0 0.3484375 0.6326666666666666 0.0890625 0.09466666666666666
