0 0.3484375 0.6286666666666666 0.09375 0.10266666666666667
0 0.3484375 0.63 0.08750000000000001 0.08666666666666667
10 0.32656250000000003 0.7493333333333333 0.10312500000000001 0.072
10 0.380859375 0.7953333333333333 0.06640625 0.06533333333333333
10 0.30000000000000004 0.8226666666666667 0.09531250000000001 0.13866666666666666
10 0.44062500000000004 0.8193333333333334 0.065625 0.025333333333333333
10 0.2984375 0.8246666666666667 0.0859375 0.12666666666666665
10 0.425390625 0.768 0.08359375000000001 0.13066666666666665
10 0.32656250000000003 0.75 0.09531250000000001 0.05733333333333333
1 0.751953125 0.864 0.10390625 0.08
10 0.42578125 0.768 0.078125 0.12266666666666666
1 0.751953125 0.8613333333333333 0.09453125000000001 0.064
