10 0.29726562500000003 0.8333333333333333 0.03828125 0.10666666666666666
0 0.35195312500000003 0.642 0.06953125 0.13999999999999999
0 0.354296875 0.6413333333333333 0.06015625 0.13333333333333333
10 0.451953125 0.7999999999999999 0.11640625 0.072
10 0.3796875 0.8206666666666667 0.0734375 0.030666666666666665
10 0.5222656250000001 0.726 0.07734375 0.15333333333333332
10 0.507421875 0.7939999999999999 0.03515625 0.08399999999999999
10 0.45039062500000004 0.8006666666666666 0.10390625 0.07333333333333333
0 0.263671875 0.7933333333333333 0.041406250000000006 0.18666666666666665
10 0.52265625 0.7313333333333333 0.07187500000000001 0.13733333333333334
10 0.654296875 0.7946666666666666 0.03828125 0.096
