10 0.29921875000000003 0.8113333333333334 0.0921875 0.172
10 0.30000000000000004 0.8253333333333333 0.08750000000000001 0.13066666666666665
10 0.32539062500000004 0.7426666666666667 0.10390625 0.09066666666666666
10 0.326171875 0.7553333333333333 0.09609375 0.06
0 0.35078125000000004 0.636 0.09843750000000001 0.10933333333333332
0 0.34921875 0.632 0.0890625 0.09066666666666666
1 0.4109375 0.714 0.1203125 0.08399999999999999
10 0.423828125 0.7733333333333333 0.08515625 0.128
10 0.42500000000000004 0.77 0.07187500000000001 0.11333333333333333
1 0.41328125000000004 0.6826666666666666 0.115625 0.088
10 0.4453125 0.822 0.0546875 0.028
15 0.40859375000000003 0.7286666666666667 0.1015625 0.092
