0 0.34609375000000003 0.6326666666666666 0.1046875 0.11333333333333333
0 0.34609375000000003 0.6326666666666666 0.084375 0.08933333333333333
10 0.32421875 0.7526666666666666 0.109375 0.092
10 0.326953125 0.7513333333333333 0.09609375 0.06
10 0.30976562500000004 0.8246666666666667 0.12421875 0.16133333333333333
10 0.30000000000000004 0.8246666666666667 0.08750000000000001 0.12933333333333333
10 0.37734375000000003 0.8013333333333333 0.05625 0.04533333333333333
10 0.423828125 0.772 0.08984375 0.13866666666666666
10 0.424609375 0.7706666666666666 0.07890625000000001 0.11733333333333333
10 0.4421875 0.8206666666666667 0.0578125 0.022666666666666665
