0 0.34414062500000003 0.6326666666666666 0.11015625000000001 0.11333333333333333
1 0.40742187500000004 0.7186666666666667 0.11953125 0.10133333333333333
10 0.32851562500000003 0.7513333333333333 0.12421875 0.09733333333333333
10 0.3015625 0.8246666666666667 0.11093750000000001 0.15333333333333332
10 0.42734375 0.7653333333333333 0.0890625 0.14933333333333332
0 0.34765625 0.63 0.08750000000000001 0.08933333333333333
15 0.409765625 0.716 0.10703125000000001 0.064
10 0.29921875000000003 0.8253333333333333 0.08750000000000001 0.13066666666666665
10 0.32656250000000003 0.7513333333333333 0.09375 0.06266666666666666
10 0.377734375 0.7999999999999999 0.06015625 0.050666666666666665
10 0.42617187500000003 0.7706666666666666 0.07890625000000001 0.11733333333333333
10 0.4421875 0.8186666666666667 0.060937500000000006 0.029333333333333333
