10 0.27968750000000003 0.76 0.08281250000000001 0.14666666666666667
0 0.349609375 0.6306666666666666 0.09453125000000001 0.10933333333333332
1 0.40625 0.7266666666666667 0.11093750000000001 0.09866666666666667
10 0.44296875 0.8193333333333334 0.0625 0.028
1 0.41835937500000003 0.6826666666666666 0.11796875000000001 0.096
10 0.42695312500000004 0.7693333333333333 0.07890625000000001 0.11733333333333333
10 0.37539062500000003 0.8073333333333333 0.055468750000000004 0.03866666666666667
10 0.42734375 0.7726666666666666 0.096875 0.13466666666666666
1 0.40859375000000003 0.7353333333333333 0.1015625 0.09999999999999999
1 0.41250000000000003 0.6806666666666666 0.09843750000000001 0.06799999999999999
0 0.34804687500000003 0.632 0.08671875000000001 0.088
10 0.32148437500000004 0.7626666666666666 0.06328125 0.04533333333333333
10 0.28203125 0.7573333333333333 0.07500000000000001 0.12533333333333332
