0 0.34687500000000004 0.6273333333333333 0.109375 0.11333333333333333
0 0.34765625 0.6313333333333333 0.08750000000000001 0.09733333333333333
10 0.362109375 0.778 0.04609375 0.08933333333333333
1 0.41835937500000003 0.6953333333333334 0.13671875 0.12933333333333333
10 0.30859375 0.7573333333333333 0.0890625 0.050666666666666665
1 0.4140625 0.7293333333333333 0.134375 0.13599999999999998
10 0.44375000000000003 0.8119999999999999 0.060937500000000006 0.04
10 0.323046875 0.7553333333333333 0.06640625 0.076
1 0.41171875 0.7353333333333333 0.10625000000000001 0.108
1 0.41484375 0.6873333333333334 0.1046875 0.09466666666666666
