0 0.35195312500000003 0.6466666666666666 0.06640625 0.15466666666666667
10 0.51875 0.7226666666666667 0.08281250000000001 0.16799999999999998
10 0.45078125 0.8046666666666666 0.115625 0.076
10 0.2828125 0.8213333333333334 0.07500000000000001 0.152
10 0.654296875 0.7953333333333333 0.03828125 0.092
10 0.523828125 0.73 0.06953125 0.13466666666666666
10 0.5078125 0.7933333333333333 0.0328125 0.07466666666666666
10 0.45078125 0.8033333333333333 0.10312500000000001 0.052
10 0.439453125 0.8226666666666667 0.06328125 0.021333333333333333
10 0.37265625 0.8186666666666667 0.051562500000000004 0.018666666666666665
0 0.35195312500000003 0.646 0.06015625 0.13733333333333334
10 0.284765625 0.8266666666666667 0.06015625 0.13599999999999998
