10 0.283984375 0.7993333333333333 0.08046875 0.09733333333333333
0 0.351171875 0.6373333333333333 0.07265625 0.14133333333333334
10 0.451953125 0.8013333333333333 0.11484375000000001 0.08
10 0.52265625 0.7326666666666667 0.08125 0.148
10 0.28671875 0.7973333333333333 0.078125 0.08266666666666667
10 0.6531250000000001 0.7959999999999999 0.05 0.112
0 0.350390625 0.6433333333333333 0.06015625 0.148
10 0.523828125 0.73 0.06796875000000001 0.14266666666666666
10 0.6527343750000001 0.7939999999999999 0.039843750000000004 0.09733333333333333
10 0.50703125 0.7886666666666666 0.035937500000000004 0.092
10 0.45078125 0.7966666666666666 0.1015625 0.06
