0 0.347265625 0.6306666666666666 0.09140625000000001 0.10133333333333333
10 0.300390625 0.8293333333333333 0.09453125000000001 0.152
0 0.34882812500000004 0.6326666666666666 0.08515625 0.092
10 0.32578125 0.746 0.10312500000000001 0.092
1 0.4140625 0.6793333333333333 0.09843750000000001 0.07066666666666667
1 0.41171875 0.734 0.10625000000000001 0.09999999999999999
10 0.42578125 0.7766666666666666 0.0859375 0.13466666666666666
10 0.326953125 0.7513333333333333 0.09609375 0.06266666666666666
1 0.40625 0.7326666666666667 0.1125 0.11066666666666666
10 0.29921875000000003 0.8253333333333333 0.09062500000000001 0.13333333333333333
1 0.412109375 0.6913333333333334 0.12109375 0.11066666666666666
10 0.38007812500000004 0.7986666666666666 0.06796875000000001 0.05333333333333333
10 0.42500000000000004 0.77 0.0765625 0.11599999999999999
10 0.443359375 0.8206666666666667 0.06015625 0.028
