10 0.298046875 0.8273333333333333 0.10078125 0.15333333333333332
10 0.327734375 0.7513333333333333 0.11015625000000001 0.09999999999999999
1 0.41835937500000003 0.6913333333333334 0.12890625 0.11066666666666666
1 0.41054687500000003 0.728 0.12890625 0.11733333333333333
10 0.42578125 0.7593333333333333 0.10312500000000001 0.15866666666666665
0 0.337890625 0.6326666666666666 0.06328125 0.08399999999999999
1 0.42226562500000003 0.6826666666666666 0.10546875 0.08266666666666667
1 0.40273437500000003 0.7213333333333333 0.08984375 0.08266666666666667
10 0.326171875 0.748 0.09609375 0.06666666666666667
10 0.29921875000000003 0.8226666666666667 0.0890625 0.13333333333333333
10 0.37031250000000004 0.8013333333333333 0.0625 0.048
10 0.424609375 0.77 0.08203125 0.108
