10 0.28359375000000003 0.8253333333333333 0.0734375 0.144
10 0.283984375 0.8246666666666667 0.06171875 0.132
0 0.3515625 0.642 0.07500000000000001 0.15066666666666667
10 0.38007812500000004 0.8193333333333334 0.06953125 0.025333333333333333
10 0.45351562500000003 0.7973333333333333 0.11015625000000001 0.08533333333333333
10 0.45234375000000004 0.8046666666666666 0.1046875 0.04933333333333333
10 0.441015625 0.8233333333333333 0.06171875 0.02
10 0.52265625 0.7326666666666667 0.08125 0.148
10 0.509765625 0.7953333333333333 0.03671875 0.08133333333333333
10 0.5234375 0.7293333333333333 0.06875 0.13599999999999998
0 0.3515625 0.6433333333333333 0.060937500000000006 0.13733333333333334
10 0.6531250000000001 0.7946666666666666 0.037500000000000006 0.09333333333333332
