10 0.30625 0.7633333333333333 0.1046875 0.08933333333333333
10 0.30546875 0.758 0.096875 0.07333333333333333
0 0.34609375000000003 0.6306666666666666 0.09843750000000001 0.10666666666666666
10 0.26328125 0.6739999999999999 0.053125000000000006 0.12133333333333333
1 0.416796875 0.6779999999999999 0.11484375000000001 0.09733333333333333
0 0.347265625 0.634 0.08828125 0.09466666666666666
1 0.408984375 0.7333333333333333 0.11328125 0.11733333333333333
10 0.37421875000000004 0.8093333333333333 0.051562500000000004 0.029333333333333333
10 0.42578125 0.7746666666666666 0.0890625 0.128
1 0.40078125000000003 0.722 0.084375 0.07333333333333333
10 0.423828125 0.7693333333333333 0.07421875 0.11733333333333333
10 0.447265625 0.82 0.05390625 0.029333333333333333
1 0.41132812500000004 0.6746666666666666 0.09609375 0.064
