0 0.353125 0.6446666666666666 0.0703125 0.15066666666666667
10 0.28359375000000003 0.816 0.07187500000000001 0.144
10 0.5242187500000001 0.7273333333333333 0.078125 0.16133333333333333
10 0.45156250000000003 0.7953333333333333 0.115625 0.08399999999999999
10 0.650390625 0.7913333333333333 0.055468750000000004 0.108
10 0.654296875 0.7906666666666666 0.03671875 0.096
10 0.5203125000000001 0.728 0.07500000000000001 0.13866666666666666
0 0.35390625000000003 0.64 0.06406250000000001 0.13333333333333333
10 0.44960937500000003 0.7986666666666666 0.10390625 0.06666666666666667
13 0.509765625 0.7946666666666666 0.030468750000000003 0.08533333333333333
10 0.376953125 0.8126666666666666 0.06953125 0.036
10 0.284375 0.8186666666666667 0.06406250000000001 0.11733333333333333
