10 0.18203125 0.696 0.08750000000000001 0.09333333333333332
10 0.181640625 0.692 0.06171875 0.056
0 0.276171875 0.886 0.07890625000000001 0.04933333333333333
8 0.36171875000000003 0.7133333333333333 0.0484375 0.184
0 0.42695312500000004 0.7073333333333333 0.13046875 0.09733333333333333
10 0.36171875000000003 0.7153333333333333 0.029687500000000002 0.15066666666666667
0 0.4921875 0.762 0.1265625 0.10266666666666667
0 0.4296875 0.7053333333333333 0.10625000000000001 0.048
0 0.462890625 0.8019999999999999 0.07734375 0.06
0 0.49531250000000004 0.7546666666666666 0.10312500000000001 0.06933333333333333
