10 0.18476562500000002 0.694 0.06015625 0.05733333333333333
10 0.36328125 0.7173333333333333 0.034375 0.17066666666666666
0 0.27734375 0.888 0.07968750000000001 0.05333333333333333
10 0.3984375 0.6586666666666666 0.0921875 0.07466666666666666
10 0.36250000000000004 0.7153333333333333 0.029687500000000002 0.15333333333333332
0 0.4296875 0.7053333333333333 0.1171875 0.08
10 0.405859375 0.656 0.08515625 0.04533333333333333
0 0.49257812500000003 0.7553333333333333 0.11484375000000001 0.09733333333333333
0 0.4265625 0.7033333333333333 0.10312500000000001 0.05466666666666666
0 0.46406250000000004 0.8026666666666666 0.08125 0.06133333333333333
0 0.49648437500000003 0.7573333333333333 0.10703125000000001 0.04533333333333333
