10 0.18906250000000002 0.6986666666666667 0.09531250000000001 0.096
10 0.36562500000000003 0.7166666666666667 0.051562500000000004 0.188
0 0.43476562500000004 0.708 0.13984375000000002 0.09066666666666666
0 0.27578125000000003 0.8853333333333333 0.08281250000000001 0.050666666666666665
0 0.49257812500000003 0.7653333333333333 0.12890625 0.10666666666666666
10 0.36445312500000004 0.712 0.03359375 0.152
1 0.42812500000000003 0.706 0.1046875 0.06266666666666666
1 0.49609375 0.7533333333333333 0.10625000000000001 0.064
0 0.47187500000000004 0.8019999999999999 0.09531250000000001 0.06799999999999999
10 0.183984375 0.692 0.06328125 0.06133333333333333
