10 0.18125000000000002 0.692 0.0765625 0.064
10 0.18515625000000002 0.6946666666666667 0.060937500000000006 0.058666666666666666
0 0.26601562500000003 0.8306666666666667 0.11953125 0.07733333333333334
0 0.2765625 0.8853333333333333 0.07500000000000001 0.056
0 0.263671875 0.8306666666666667 0.10859375 0.06133333333333333
0 0.33125000000000004 0.7913333333333333 0.125 0.08133333333333333
0 0.330078125 0.7879999999999999 0.11796875000000001 0.06933333333333333
10 0.346484375 0.7213333333333333 0.08984375 0.08533333333333333
0 0.31640625 0.7613333333333333 0.0765625 0.058666666666666666
10 0.384375 0.698 0.0890625 0.12666666666666665
10 0.34609375000000003 0.72 0.08281250000000001 0.072
10 0.400390625 0.6433333333333333 0.08359375000000001 0.09733333333333333
0 0.38320312500000003 0.6953333333333334 0.08046875 0.11333333333333333
10 0.3984375 0.6353333333333333 0.0734375 0.076
0 0.31015625 0.766 0.09062500000000001 0.076
