0 0.27578125000000003 0.886 0.078125 0.04933333333333333
10 0.40273437500000003 0.6473333333333333 0.09609375 0.05733333333333333
10 0.36367187500000003 0.7113333333333333 0.03359375 0.15333333333333332
0 0.32460937500000003 0.7913333333333333 0.12734375 0.07866666666666666
0 0.2671875 0.8273333333333333 0.1234375 0.06266666666666666
10 0.917578125 0.6973333333333334 0.06171875 0.10133333333333333
1 0.265234375 0.8293333333333333 0.11015625000000001 0.056
10 0.9171875 0.69 0.07187500000000001 0.12666666666666665
0 0.32578125 0.7893333333333333 0.125 0.06933333333333333
0 0.31171875000000004 0.7633333333333333 0.0859375 0.052
10 0.403125 0.652 0.08125 0.04
10 0.36328125 0.7133333333333333 0.028125 0.14666666666666667
