0 0.27578125000000003 0.886 0.078125 0.04933333333333333
0 0.49375 0.758 0.1125 0.07333333333333333
10 0.18359375 0.692 0.0625 0.056
0 0.42890625000000004 0.7046666666666667 0.1125 0.06266666666666666
10 0.41171875 0.662 0.11406250000000001 0.06533333333333333
10 0.358984375 0.7146666666666667 0.039843750000000004 0.15733333333333333
10 0.36328125 0.714 0.03125 0.15066666666666667
0 0.46484375 0.8033333333333333 0.07968750000000001 0.06
1 0.49453125000000003 0.7546666666666666 0.1046875 0.072
1 0.42695312500000004 0.7 0.10546875 0.058666666666666666
10 0.3984375 0.654 0.084375 0.04933333333333333
