0 0.495703125 0.76 0.11171875 0.072
0 0.4296875 0.7133333333333333 0.115625 0.08
10 0.40625 0.6606666666666666 0.11093750000000001 0.05733333333333333
10 0.36054687500000004 0.7166666666666667 0.039843750000000004 0.164
1 0.424609375 0.7073333333333333 0.10078125 0.044
0 0.27578125000000003 0.8866666666666666 0.078125 0.050666666666666665
1 0.49531250000000004 0.7546666666666666 0.1046875 0.06666666666666667
0 0.4625 0.8006666666666666 0.078125 0.06
10 0.396484375 0.654 0.09140625000000001 0.07066666666666667
10 0.361328125 0.718 0.02734375 0.15066666666666667
10 0.18515625000000002 0.6913333333333334 0.06406250000000001 0.05733333333333333
