0 0.26484375 0.8253333333333333 0.1125 0.06133333333333333
10 0.38398437500000004 0.6973333333333334 0.08359375000000001 0.12
10 0.346484375 0.72 0.08515625 0.07466666666666666
10 0.3984375 0.6366666666666666 0.0765625 0.07333333333333333
0 0.316015625 0.764 0.07734375 0.056
0 0.330078125 0.7879999999999999 0.11796875000000001 0.06933333333333333
0 0.264453125 0.8306666666666667 0.11171875 0.06666666666666667
0 0.327734375 0.7879999999999999 0.12578125 0.08
0 0.275390625 0.886 0.07890625000000001 0.05466666666666666
0 0.30781250000000004 0.7686666666666666 0.09843750000000001 0.076
10 0.184375 0.6913333333333334 0.06406250000000001 0.05733333333333333
10 0.39921875 0.6353333333333333 0.08281250000000001 0.08399999999999999
10 0.38359375 0.6966666666666667 0.0859375 0.12133333333333333
10 0.3453125 0.7193333333333333 0.0890625 0.08133333333333333
