10 0.18476562500000002 0.692 0.06015625 0.048
10 0.362890625 0.716 0.039843750000000004 0.17066666666666666
0 0.274609375 0.888 0.07890625000000001 0.056
10 0.40078125000000003 0.656 0.09531250000000001 0.07466666666666666
0 0.42812500000000003 0.6933333333333334 0.12187500000000001 0.09066666666666666
10 0.365234375 0.7113333333333333 0.030468750000000003 0.16666666666666666
0 0.495703125 0.7526666666666666 0.11953125 0.092
10 0.39921875 0.6566666666666666 0.08750000000000001 0.06
1 0.42734375 0.7066666666666667 0.1078125 0.058666666666666666
1 0.49609375 0.756 0.1078125 0.07733333333333334
0 0.46523437500000003 0.8013333333333333 0.07890625000000001 0.058666666666666666
