10 0.4 0.658 0.1046875 0.06799999999999999
10 0.36484375 0.712 0.037500000000000006 0.16799999999999998
0 0.32890625 0.7946666666666666 0.134375 0.088
0 0.2625 0.828 0.12812500000000002 0.09866666666666667
10 0.40273437500000003 0.654 0.08828125 0.04933333333333333
10 0.362109375 0.7146666666666667 0.032031250000000004 0.144
0 0.30976562500000004 0.7606666666666666 0.09140625000000001 0.06533333333333333
0 0.330078125 0.7946666666666666 0.12265625000000001 0.072
1 0.26484375 0.8313333333333333 0.1171875 0.07066666666666667
0 0.27421875 0.8853333333333333 0.078125 0.058666666666666666
10 0.18710937500000002 0.6886666666666666 0.057031250000000006 0.05733333333333333
