10 0.183984375 0.692 0.06171875 0.058666666666666666
0 0.266796875 0.8333333333333333 0.12734375 0.08533333333333333
0 0.275 0.8853333333333333 0.078125 0.05333333333333333
0 0.330859375 0.7893333333333333 0.13828125 0.09866666666666667
0 0.264453125 0.8306666666666667 0.11171875 0.06133333333333333
0 0.302734375 0.7573333333333333 0.11484375000000001 0.11733333333333333
0 0.330078125 0.7913333333333333 0.11484375000000001 0.07066666666666667
10 0.34296875000000004 0.716 0.096875 0.12266666666666666
0 0.3140625 0.768 0.0734375 0.056
10 0.38359375 0.6993333333333334 0.09062500000000001 0.12666666666666665
10 0.34609375000000003 0.72 0.084375 0.06933333333333333
10 0.39375000000000004 0.6346666666666666 0.0859375 0.10933333333333332
10 0.38359375 0.698 0.07968750000000001 0.11599999999999999
10 0.39921875 0.6353333333333333 0.07500000000000001 0.07333333333333333
0 0.6882812500000001 0.7026666666666667 0.06406250000000001 0.18133333333333332
0 0.69296875 0.7046666666666667 0.034375 0.13999999999999999
0 0.3953125 0.826 0.0390625 0.012
