10 0.18359375 0.6926666666666667 0.059375000000000004 0.06
0 0.5691406250000001 0.7093333333333333 0.11171875 0.088
0 0.278125 0.888 0.084375 0.056
10 0.380859375 0.6993333333333334 0.09296875 0.124
0 0.26406250000000003 0.8333333333333333 0.10625000000000001 0.06133333333333333
10 0.39765625000000004 0.6373333333333333 0.08125 0.09066666666666666
0 0.326953125 0.7899999999999999 0.11796875000000001 0.06
10 0.343359375 0.7233333333333333 0.09453125000000001 0.08933333333333333
0 0.330078125 0.7873333333333333 0.12578125 0.09733333333333333
0 0.31562500000000004 0.7646666666666666 0.078125 0.05466666666666666
0 0.265234375 0.8393333333333333 0.12578125 0.09466666666666666
10 0.34687500000000004 0.722 0.08281250000000001 0.07333333333333333
10 0.382421875 0.6973333333333334 0.08046875 0.11466666666666667
10 0.398046875 0.64 0.07421875 0.072
0 0.5703125 0.712 0.096875 0.06666666666666667
