10 0.18476562500000002 0.696 0.06328125 0.064
10 0.39960937500000004 0.66 0.09609375 0.08
0 0.275390625 0.8866666666666666 0.08046875 0.056
10 0.3671875 0.712 0.0390625 0.16266666666666665
0 0.272265625 0.8126666666666666 0.12734375 0.076
1 0.27968750000000003 0.8153333333333334 0.11406250000000001 0.06799999999999999
0 0.300390625 0.772 0.11484375000000001 0.08266666666666667
0 0.382421875 0.8099999999999999 0.06484375 0.044
10 0.40234375 0.66 0.0859375 0.064
0 0.303515625 0.7673333333333333 0.10390625 0.06
10 0.36367187500000003 0.712 0.03359375 0.14933333333333332
0 0.571875 0.762 0.0765625 0.07066666666666667
