10 0.18320312500000002 0.6966666666666667 0.08984375 0.07866666666666666
10 0.184375 0.6926666666666667 0.06406250000000001 0.05733333333333333
10 0.36640625000000004 0.7133333333333333 0.0484375 0.17066666666666666
0 0.42500000000000004 0.7066666666666667 0.1234375 0.07733333333333334
0 0.46796875000000004 0.8073333333333333 0.0921875 0.092
0 0.49648437500000003 0.7526666666666666 0.12109375 0.092
0 0.276953125 0.8873333333333333 0.08359375000000001 0.052
10 0.3640625 0.7146666666666667 0.03125 0.15466666666666667
0 0.42695312500000004 0.7026666666666667 0.10546875 0.05333333333333333
0 0.494921875 0.7566666666666666 0.10703125000000001 0.06799999999999999
0 0.46328125000000003 0.8026666666666666 0.07968750000000001 0.064
