10 0.381640625 0.6966666666666667 0.09296875 0.12933333333333333
10 0.34414062500000003 0.7173333333333333 0.09453125000000001 0.09333333333333332
0 0.259375 0.8246666666666667 0.125 0.08133333333333333
0 0.32539062500000004 0.7933333333333333 0.13828125 0.09066666666666666
10 0.398046875 0.6433333333333333 0.08515625 0.09733333333333333
0 0.5613281250000001 0.704 0.06796875000000001 0.056
0 0.27421875 0.8873333333333333 0.078125 0.04933333333333333
1 0.2671875 0.8306666666666667 0.11093750000000001 0.04533333333333333
0 0.32851562500000003 0.7899999999999999 0.11953125 0.06799999999999999
0 0.315234375 0.7653333333333333 0.07578125000000001 0.050666666666666665
10 0.345703125 0.7186666666666667 0.08359375000000001 0.06933333333333333
10 0.38398437500000004 0.6973333333333334 0.08046875 0.11466666666666667
10 0.39921875 0.6346666666666666 0.0765625 0.072
10 0.18515625000000002 0.6913333333333334 0.0625 0.05466666666666666
