10 0.18281250000000002 0.6926666666666667 0.0625 0.052
0 0.26484375 0.8253333333333333 0.1125 0.06133333333333333
0 0.276171875 0.8893333333333333 0.07734375 0.050666666666666665
0 0.26484375 0.826 0.11093750000000001 0.06
0 0.32890625 0.7913333333333333 0.1171875 0.06799999999999999
0 0.31484375000000003 0.7686666666666666 0.078125 0.06266666666666666
0 0.32734375000000004 0.7873333333333333 0.125 0.08133333333333333
10 0.346484375 0.7206666666666667 0.08359375000000001 0.07333333333333333
0 0.30625 0.77 0.1015625 0.07866666666666666
10 0.384375 0.698 0.07968750000000001 0.11066666666666666
10 0.397265625 0.6353333333333333 0.07578125000000001 0.06533333333333333
10 0.384375 0.6966666666666667 0.084375 0.124
10 0.3984375 0.636 0.07968750000000001 0.08
10 0.345703125 0.7166666666666667 0.08984375 0.08399999999999999
