0 0.27578125000000003 0.886 0.078125 0.04933333333333333
10 0.36367187500000003 0.71 0.039843750000000004 0.16666666666666666
10 0.18359375 0.692 0.0625 0.056
10 0.40234375 0.658 0.09531250000000001 0.06266666666666666
0 0.428515625 0.708 0.11484375000000001 0.06933333333333333
0 0.49609375 0.7493333333333333 0.1125 0.08533333333333333
10 0.36328125 0.714 0.03125 0.15066666666666667
0 0.46484375 0.8033333333333333 0.07968750000000001 0.06
1 0.49375 0.7546666666666666 0.10312500000000001 0.072
1 0.42734375 0.7 0.1046875 0.058666666666666666
10 0.3984375 0.654 0.084375 0.04933333333333333
