0 0.27578125000000003 0.886 0.078125 0.04933333333333333
10 0.36367187500000003 0.7146666666666667 0.03359375 0.17333333333333334
10 0.18359375 0.692 0.0625 0.056
0 0.42500000000000004 0.6953333333333334 0.1171875 0.08133333333333333
0 0.494140625 0.7433333333333333 0.11328125 0.108
10 0.36328125 0.714 0.03125 0.15066666666666667
0 0.46484375 0.8033333333333333 0.07968750000000001 0.06
0 0.49453125000000003 0.7546666666666666 0.1046875 0.072
1 0.42421875000000003 0.6993333333333334 0.09843750000000001 0.05733333333333333
10 0.53515625 0.7 0.0765625 0.10666666666666666
