0 0.267578125 0.8306666666666667 0.12265625000000001 0.08533333333333333
0 0.275 0.89 0.07968750000000001 0.04933333333333333
0 0.265625 0.8293333333333333 0.10312500000000001 0.05333333333333333
0 0.33320312500000004 0.7906666666666666 0.13046875 0.09333333333333332
0 0.3140625 0.7646666666666666 0.0890625 0.11599999999999999
0 0.3328125 0.8006666666666666 0.1125 0.04933333333333333
10 0.36054687500000004 0.714 0.04296875 0.156
0 0.4 0.8233333333333333 0.034375 0.014666666666666666
0 0.31328125 0.7633333333333333 0.0765625 0.052
10 0.400390625 0.6546666666666666 0.09921875000000001 0.08533333333333333
10 0.3640625 0.712 0.026562500000000003 0.14133333333333334
10 0.6203125 0.728 0.109375 0.10933333333333332
10 0.404296875 0.6546666666666666 0.07890625000000001 0.032
10 0.61875 0.726 0.0859375 0.076
