10 0.182421875 0.6933333333333334 0.08984375 0.096
10 0.40273437500000003 0.66 0.10390625 0.08533333333333333
10 0.619140625 0.7293333333333333 0.11796875000000001 0.12
10 0.362890625 0.7073333333333333 0.06640625 0.17733333333333332
0 0.30859375 0.766 0.1234375 0.09733333333333333
10 0.619140625 0.7253333333333333 0.08359375000000001 0.07733333333333334
0 0.33125000000000004 0.7926666666666666 0.15156250000000002 0.12666666666666665
0 0.268359375 0.838 0.14453125 0.12133333333333333
10 0.39921875 0.648 0.08750000000000001 0.048
10 0.36367187500000003 0.7053333333333333 0.02734375 0.152
0 0.30976562500000004 0.764 0.09609375 0.072
0 0.331640625 0.7933333333333333 0.11953125 0.07466666666666666
1 0.2625 0.8246666666666667 0.1078125 0.06799999999999999
0 0.27382812500000003 0.8866666666666666 0.07890625000000001 0.06666666666666667
10 0.18359375 0.6893333333333334 0.065625 0.064
