10 0.18710937500000002 0.6933333333333334 0.06796875000000001 0.06933333333333333
10 0.184375 0.69 0.060937500000000006 0.05733333333333333
0 0.275390625 0.8873333333333333 0.07734375 0.052
10 0.3640625 0.7153333333333333 0.0390625 0.17733333333333332
0 0.42578125 0.7033333333333333 0.115625 0.08133333333333333
10 0.36445312500000004 0.7153333333333333 0.030468750000000003 0.156
0 0.494921875 0.756 0.11640625 0.08266666666666667
0 0.425390625 0.7026666666666667 0.10390625 0.048
0 0.46992187500000004 0.7926666666666666 0.09765625 0.08133333333333333
0 0.49375 0.7533333333333333 0.10625000000000001 0.064
0 0.46484375 0.8013333333333333 0.07968750000000001 0.064
