10 0.18125000000000002 0.694 0.06875 0.06799999999999999
0 0.27578125000000003 0.886 0.078125 0.04933333333333333
10 0.18359375 0.692 0.0625 0.056
0 0.264453125 0.8233333333333333 0.12421875 0.08399999999999999
0 0.33359375 0.7919999999999999 0.1296875 0.09866666666666667
0 0.30781250000000004 0.7713333333333333 0.1015625 0.08399999999999999
10 0.34296875000000004 0.7213333333333333 0.1015625 0.08
10 0.34609375000000003 0.7186666666666667 0.08281250000000001 0.072
10 0.382421875 0.692 0.09140625000000001 0.12533333333333332
10 0.40156250000000004 0.644 0.078125 0.12
1 0.265234375 0.8293333333333333 0.11015625000000001 0.056
0 0.32578125 0.7893333333333333 0.125 0.06933333333333333
0 0.31171875000000004 0.7633333333333333 0.0859375 0.052
10 0.39921875 0.6366666666666666 0.07500000000000001 0.07066666666666667
0 0.6960937500000001 0.6973333333333334 0.0578125 0.16533333333333333
10 0.384375 0.6966666666666667 0.07968750000000001 0.11333333333333333
0 0.6937500000000001 0.6993333333333334 0.040625 0.148
