10 0.18281250000000002 0.6946666666666667 0.07968750000000001 0.09333333333333332
0 0.26601562500000003 0.826 0.13203125000000002 0.10266666666666667
0 0.3296875 0.8006666666666666 0.140625 0.08933333333333333
10 0.3453125 0.7206666666666667 0.10312500000000001 0.09999999999999999
0 0.300390625 0.7726666666666666 0.12421875 0.10266666666666667
10 0.37929687500000003 0.696 0.10078125 0.14933333333333332
10 0.39960937500000004 0.6353333333333333 0.07578125000000001 0.076
10 0.38359375 0.698 0.08125 0.11599999999999999
10 0.3921875 0.6306666666666666 0.0921875 0.09866666666666667
10 0.34414062500000003 0.7193333333333333 0.08828125 0.07333333333333333
10 0.184375 0.6926666666666667 0.06406250000000001 0.05733333333333333
0 0.33125000000000004 0.7913333333333333 0.115625 0.07066666666666667
1 0.266796875 0.8286666666666667 0.11171875 0.05733333333333333
0 0.27578125000000003 0.888 0.08125 0.056
0 0.30703125000000003 0.7653333333333333 0.109375 0.08266666666666667
