0 0.262890625 0.822 0.11953125 0.108
0 0.3140625 0.768 0.09531250000000001 0.08
0 0.330859375 0.8019999999999999 0.12265625000000001 0.10266666666666667
10 0.361328125 0.7066666666666667 0.04453125 0.16
10 0.619140625 0.726 0.08828125 0.07866666666666666
10 0.401171875 0.6566666666666666 0.09453125000000001 0.06533333333333333
10 0.400390625 0.65 0.08671875000000001 0.036
10 0.36562500000000003 0.7113333333333333 0.026562500000000003 0.13999999999999999
10 0.6238281250000001 0.7273333333333333 0.10078125 0.11066666666666666
0 0.30546875 0.768 0.1125 0.06933333333333333
0 0.32929687500000004 0.7893333333333333 0.12265625000000001 0.072
1 0.263671875 0.8293333333333333 0.11484375000000001 0.072
0 0.2765625 0.888 0.08125 0.056
