0 0.26484375 0.8253333333333333 0.1125 0.06133333333333333
0 0.326171875 0.7853333333333333 0.12734375 0.08533333333333333
10 0.18515625000000002 0.692 0.0671875 0.05333333333333333
0 0.30507812500000003 0.7673333333333333 0.10703125000000001 0.07333333333333333
10 0.39882812500000003 0.6466666666666666 0.09296875 0.048
10 0.36367187500000003 0.7086666666666667 0.03359375 0.15333333333333332
10 0.366015625 0.7093333333333333 0.032031250000000004 0.13866666666666666
0 0.30390625000000004 0.768 0.11093750000000001 0.06666666666666667
10 0.40078125000000003 0.654 0.09531250000000001 0.06
0 0.330078125 0.7839999999999999 0.12578125 0.08266666666666667
1 0.258984375 0.828 0.09921875000000001 0.06666666666666667
0 0.274609375 0.8866666666666666 0.07890625000000001 0.056
