10 0.18203125 0.6993333333333334 0.0859375 0.09466666666666666
10 0.36328125 0.714 0.053125000000000006 0.19066666666666665
0 0.4265625 0.7086666666666667 0.11875000000000001 0.08399999999999999
0 0.46992187500000004 0.7953333333333333 0.10390625 0.092
0 0.276171875 0.8893333333333333 0.08515625 0.058666666666666666
0 0.49453125000000003 0.76 0.11093750000000001 0.09866666666666667
10 0.183984375 0.69 0.06640625 0.05466666666666666
10 0.362890625 0.712 0.02890625 0.15466666666666667
1 0.4265625 0.698 0.10625000000000001 0.06
1 0.495703125 0.7566666666666666 0.10078125 0.06266666666666666
0 0.46718750000000003 0.8039999999999999 0.08750000000000001 0.06933333333333333
