0 0.27578125000000003 0.886 0.078125 0.04933333333333333
10 0.6203125 0.726 0.096875 0.092
10 0.18359375 0.692 0.0625 0.056
10 0.401953125 0.6546666666666666 0.10234375000000001 0.056
10 0.366796875 0.7106666666666667 0.03671875 0.16799999999999998
0 0.323828125 0.7886666666666666 0.13671875 0.08133333333333333
0 0.259375 0.8246666666666667 0.1265625 0.08133333333333333
10 0.36328125 0.714 0.03125 0.15066666666666667
1 0.265234375 0.8293333333333333 0.11015625000000001 0.056
0 0.32578125 0.7893333333333333 0.125 0.06933333333333333
0 0.31171875000000004 0.7633333333333333 0.0859375 0.052
10 0.4 0.65 0.08125 0.03866666666666667
10 0.6195312500000001 0.724 0.08750000000000001 0.07466666666666666
