10 0.18476562500000002 0.6933333333333334 0.08671875000000001 0.09066666666666666
10 0.185546875 0.6933333333333334 0.06328125 0.056
0 0.269140625 0.8346666666666667 0.13359375 0.09333333333333332
0 0.27578125000000003 0.8893333333333333 0.0765625 0.048
0 0.26484375 0.8313333333333333 0.10625000000000001 0.04933333333333333
0 0.32539062500000004 0.7866666666666666 0.14296875 0.10933333333333332
0 0.32890625 0.7899999999999999 0.115625 0.07066666666666667
10 0.34882812500000004 0.7233333333333333 0.10546875 0.10266666666666667
10 0.3828125 0.696 0.096875 0.14933333333333332
0 0.30546875 0.7653333333333333 0.09062500000000001 0.04533333333333333
10 0.39609375 0.6373333333333333 0.09062500000000001 0.096
0 0.30234375 0.778 0.1296875 0.11599999999999999
10 0.34609375000000003 0.7193333333333333 0.08125 0.06533333333333333
10 0.384375 0.6966666666666667 0.07968750000000001 0.11599999999999999
10 0.3984375 0.6373333333333333 0.07500000000000001 0.072
