10 0.18320312500000002 0.6893333333333334 0.07265625 0.08533333333333333
0 0.27578125000000003 0.886 0.078125 0.04933333333333333
10 0.18359375 0.692 0.0625 0.056
0 0.2625 0.8266666666666667 0.11875000000000001 0.104
0 0.32929687500000004 0.7953333333333333 0.13671875 0.09999999999999999
0 0.308203125 0.7633333333333333 0.11640625 0.092
10 0.34453125 0.726 0.09531250000000001 0.11066666666666666
10 0.34609375000000003 0.7186666666666667 0.08281250000000001 0.072
10 0.38398437500000004 0.6906666666666667 0.08984375 0.144
10 0.397265625 0.6446666666666666 0.08359375000000001 0.11866666666666666
1 0.265234375 0.8293333333333333 0.11015625000000001 0.056
0 0.32578125 0.7893333333333333 0.125 0.06933333333333333
0 0.31171875000000004 0.7633333333333333 0.0859375 0.052
10 0.39921875 0.6366666666666666 0.07500000000000001 0.07066666666666667
10 0.384375 0.6966666666666667 0.07968750000000001 0.11333333333333333
0 0.56171875 0.7046666666666667 0.06875 0.05733333333333333
