10 0.18281250000000002 0.6913333333333334 0.0734375 0.06799999999999999
10 0.18515625000000002 0.6926666666666667 0.0625 0.04666666666666666
0 0.276953125 0.886 0.07890625000000001 0.04933333333333333
10 0.36757812500000003 0.718 0.055468750000000004 0.164
0 0.46953125 0.7993333333333333 0.09843750000000001 0.08933333333333333
10 0.3609375 0.7186666666666667 0.021875000000000002 0.152
0 0.49531250000000004 0.76 0.11875000000000001 0.072
0 0.43007812500000003 0.7133333333333333 0.12421875 0.08
10 0.401953125 0.6526666666666666 0.06484375 0.044
10 0.39882812500000003 0.654 0.09609375 0.06266666666666666
0 0.42421875000000003 0.7046666666666667 0.1015625 0.04933333333333333
0 0.46210937500000004 0.7986666666666666 0.08046875 0.072
0 0.49453125000000003 0.7606666666666666 0.10312500000000001 0.052
