0 0.3171875 0.782 0.115625 0.07866666666666666
10 0.39375000000000004 0.6433333333333333 0.1 0.11333333333333333
0 0.275390625 0.8846666666666666 0.07890625000000001 0.06
10 0.37929687500000003 0.6973333333333334 0.09765625 0.13333333333333333
10 0.3453125 0.72 0.1046875 0.10666666666666666
10 0.18515625000000002 0.694 0.06406250000000001 0.05466666666666666
0 0.32539062500000004 0.7846666666666666 0.14453125 0.11599999999999999
0 0.26601562500000003 0.8266666666666667 0.13671875 0.08533333333333333
1 0.26484375 0.832 0.11093750000000001 0.056
0 0.694921875 0.7073333333333333 0.07578125000000001 0.19333333333333333
10 0.384375 0.6966666666666667 0.08125 0.12133333333333333
0 0.32929687500000004 0.7866666666666666 0.12109375 0.072
10 0.39765625000000004 0.6366666666666666 0.0765625 0.07866666666666666
0 0.306640625 0.764 0.08984375 0.05333333333333333
10 0.18359375 0.694 0.08125 0.09733333333333333
0 0.6980468750000001 0.706 0.047656250000000004 0.15866666666666665
10 0.34609375000000003 0.7193333333333333 0.084375 0.07333333333333333
