10 0.36640625000000004 0.712 0.05625 0.16799999999999998
0 0.42734375 0.704 0.1171875 0.08266666666666667
0 0.49531250000000004 0.7573333333333333 0.11406250000000001 0.08266666666666667
10 0.18515625000000002 0.6906666666666667 0.0625 0.05333333333333333
0 0.278515625 0.8873333333333333 0.08828125 0.04933333333333333
10 0.361328125 0.7113333333333333 0.030468750000000003 0.148
1 0.4296875 0.7053333333333333 0.11406250000000001 0.06133333333333333
10 0.558203125 0.7073333333333333 0.07890625000000001 0.08133333333333333
1 0.49609375 0.756 0.1078125 0.06133333333333333
0 0.4609375 0.7986666666666666 0.08125 0.072
