10 0.182421875 0.692 0.07578125000000001 0.072
10 0.36328125 0.718 0.045312500000000006 0.16933333333333334
0 0.27578125000000003 0.8846666666666666 0.078125 0.06
0 0.42500000000000004 0.704 0.1171875 0.07466666666666666
0 0.49140625000000004 0.7586666666666666 0.13125 0.096
10 0.18515625000000002 0.694 0.06406250000000001 0.05466666666666666
0 0.465625 0.7999999999999999 0.1015625 0.10133333333333333
10 0.36367187500000003 0.714 0.03359375 0.156
0 0.463671875 0.8033333333333333 0.08046875 0.06799999999999999
1 0.494921875 0.762 0.10546875 0.06799999999999999
1 0.424609375 0.7033333333333333 0.10234375000000001 0.05733333333333333
