0 0.267578125 0.8246666666666667 0.12421875 0.08666666666666667
0 0.569921875 0.6946666666666667 0.08828125 0.07466666666666666
0 0.330078125 0.7906666666666666 0.13203125000000002 0.09066666666666666
10 0.38359375 0.6986666666666667 0.07968750000000001 0.11466666666666667
0 0.3046875 0.764 0.11093750000000001 0.088
10 0.3984375 0.636 0.0734375 0.072
10 0.34375 0.7193333333333333 0.0921875 0.09466666666666666
10 0.34492187500000004 0.7173333333333333 0.08359375000000001 0.07466666666666666
0 0.3140625 0.7653333333333333 0.08125 0.06133333333333333
10 0.3828125 0.6993333333333334 0.08750000000000001 0.13466666666666666
0 0.32851562500000003 0.7886666666666666 0.11953125 0.06799999999999999
10 0.39765625000000004 0.6333333333333333 0.0765625 0.096
0 0.26406250000000003 0.8313333333333333 0.11406250000000001 0.05733333333333333
0 0.569921875 0.698 0.09921875000000001 0.108
0 0.275390625 0.8866666666666666 0.07734375 0.05333333333333333
10 0.18281250000000002 0.6913333333333334 0.059375000000000004 0.04933333333333333
