10 0.18515625000000002 0.6873333333333334 0.060937500000000006 0.04133333333333333
0 0.26484375 0.8253333333333333 0.1125 0.06133333333333333
0 0.27382812500000003 0.8826666666666666 0.07421875 0.06666666666666667
0 0.26484375 0.8286666666666667 0.1046875 0.06
0 0.3328125 0.7859999999999999 0.11093750000000001 0.076
0 0.307421875 0.7626666666666666 0.08671875000000001 0.05333333333333333
0 0.327734375 0.7879999999999999 0.12578125 0.08
10 0.36445312500000004 0.7266666666666667 0.02734375 0.11466666666666667
0 0.30781250000000004 0.7686666666666666 0.09843750000000001 0.076
10 0.424609375 0.6773333333333333 0.07421875 0.144
10 0.36367187500000003 0.7113333333333333 0.032031250000000004 0.15333333333333332
