10 0.362109375 0.7133333333333333 0.04453125 0.17066666666666666
0 0.4265625 0.692 0.125 0.088
0 0.496875 0.756 0.1171875 0.08
1 0.494140625 0.7553333333333333 0.10546875 0.06799999999999999
0 0.464453125 0.8046666666666666 0.08203125 0.06266666666666666
1 0.424609375 0.7046666666666667 0.10390625 0.04933333333333333
0 0.27382812500000003 0.8866666666666666 0.07734375 0.050666666666666665
10 0.401171875 0.656 0.09921875000000001 0.05333333333333333
10 0.40156250000000004 0.656 0.078125 0.048
10 0.36171875000000003 0.7166666666666667 0.026562500000000003 0.156
10 0.185546875 0.6906666666666667 0.06484375 0.05333333333333333
