10 0.1796875 0.688 0.078125 0.08533333333333333
10 0.185546875 0.688 0.07421875 0.07466666666666666
0 0.278125 0.8846666666666666 0.07968750000000001 0.05733333333333333
10 0.36445312500000004 0.7166666666666667 0.05078125 0.18266666666666667
10 0.3609375 0.7126666666666667 0.025 0.16666666666666666
0 0.429296875 0.7046666666666667 0.12578125 0.08399999999999999
0 0.462890625 0.814 0.07890625000000001 0.07866666666666666
0 0.49765625 0.754 0.1296875 0.08133333333333333
0 0.4765625 0.8033333333333333 0.12187500000000001 0.08399999999999999
1 0.495703125 0.758 0.10546875 0.05466666666666666
1 0.420703125 0.7073333333333333 0.09453125000000001 0.04933333333333333
10 0.39570312500000004 0.6546666666666666 0.07734375 0.034666666666666665
