10 0.18359375 0.6833333333333333 0.060937500000000006 0.06533333333333333
10 0.36328125 0.7166666666666667 0.051562500000000004 0.17733333333333332
0 0.275 0.8866666666666666 0.07500000000000001 0.050666666666666665
10 0.40156250000000004 0.658 0.1 0.06533333333333333
0 0.42812500000000003 0.6993333333333334 0.11875000000000001 0.07866666666666666
10 0.359375 0.7166666666666667 0.026562500000000003 0.15066666666666667
0 0.495703125 0.7493333333333333 0.11015625000000001 0.07733333333333334
10 0.40078125000000003 0.658 0.08281250000000001 0.04133333333333333
0 0.42890625000000004 0.6953333333333334 0.109375 0.06799999999999999
0 0.4609375 0.8019999999999999 0.0734375 0.06
0 0.495703125 0.7546666666666666 0.10234375000000001 0.064
