0 0.2671875 0.8306666666666667 0.1265625 0.088
0 0.33203125 0.7939999999999999 0.1328125 0.09733333333333333
0 0.275 0.886 0.07968750000000001 0.05733333333333333
0 0.302734375 0.768 0.11171875 0.09333333333333332
10 0.34687500000000004 0.7186666666666667 0.09375 0.10133333333333333
0 0.18476562500000002 0.6933333333333334 0.06484375 0.058666666666666666
10 0.38398437500000004 0.6953333333333334 0.08828125 0.13466666666666666
10 0.39765625000000004 0.638 0.08125 0.10266666666666667
1 0.265234375 0.8266666666666667 0.11015625000000001 0.056
0 0.32929687500000004 0.7866666666666666 0.12109375 0.072
10 0.38398437500000004 0.698 0.08046875 0.12133333333333333
0 0.306640625 0.764 0.08984375 0.05333333333333333
0 0.5710937500000001 0.712 0.1078125 0.096
10 0.3984375 0.6346666666666666 0.07500000000000001 0.07733333333333334
10 0.34609375000000003 0.7193333333333333 0.084375 0.07333333333333333
0 0.56796875 0.7113333333333333 0.096875 0.076
