10 0.185546875 0.69 0.06171875 0.05733333333333333
10 0.32265625000000003 0.736 0.09843750000000001 0.07466666666666666
10 0.291015625 0.8726666666666666 0.05078125 0.06266666666666666
10 0.33437500000000003 0.7 0.10312500000000001 0.06933333333333333
10 0.328125 0.7433333333333333 0.0890625 0.04933333333333333
10 0.39492187500000003 0.642 0.09296875 0.09466666666666666
10 0.33906250000000004 0.7053333333333333 0.0859375 0.04
10 0.43007812500000003 0.768 0.04609375 0.13866666666666666
10 0.398046875 0.636 0.07890625000000001 0.08
10 0.6218750000000001 0.7833333333333333 0.1 0.10266666666666667
10 0.42812500000000003 0.7726666666666666 0.034375 0.11866666666666666
10 0.625 0.7833333333333333 0.0859375 0.08133333333333333
