0 0.26484375 0.8253333333333333 0.1125 0.06133333333333333
0 0.327734375 0.7879999999999999 0.12578125 0.08
0 0.553125 0.706 0.06406250000000001 0.04666666666666666
0 0.30781250000000004 0.7686666666666666 0.09843750000000001 0.076
10 0.39375000000000004 0.6366666666666666 0.0703125 0.07066666666666667
10 0.384765625 0.6986666666666667 0.07890625000000001 0.11733333333333333
10 0.34609375000000003 0.72 0.08281250000000001 0.06933333333333333
10 0.39921875 0.6353333333333333 0.08281250000000001 0.08399999999999999
0 0.3125 0.764 0.0765625 0.05333333333333333
10 0.38359375 0.6966666666666667 0.0859375 0.12133333333333333
0 0.331640625 0.7913333333333333 0.11484375000000001 0.07066666666666667
10 0.3453125 0.7006666666666667 0.0890625 0.08133333333333333
0 0.26601562500000003 0.83 0.11171875 0.06266666666666666
0 0.27578125000000003 0.8866666666666666 0.07968750000000001 0.056
10 0.183984375 0.6933333333333334 0.06171875 0.056
