10 0.19375 0.7006666666666667 0.10312500000000001 0.092
10 0.246484375 0.4953333333333333 0.01953125 0.08133333333333333
10 0.26328125 0.4953333333333333 0.021875000000000002 0.10533333333333333
10 0.42500000000000004 0.7713333333333333 0.0578125 0.13733333333333334
10 0.280859375 0.5053333333333333 0.02421875 0.10133333333333333
10 0.6265625 0.7893333333333333 0.10312500000000001 0.096
10 0.18476562500000002 0.692 0.057031250000000006 0.056
10 0.2671875 0.4993333333333333 0.037500000000000006 0.124
10 0.28046875 0.5066666666666666 0.035937500000000004 0.12266666666666666
10 0.291796875 0.8713333333333333 0.05078125 0.06
10 0.42812500000000003 0.7713333333333333 0.034375 0.124
10 0.625 0.7866666666666666 0.084375 0.08
