0 0.26484375 0.8253333333333333 0.1125 0.06133333333333333
0 0.2734375 0.884 0.07968750000000001 0.050666666666666665
0 0.259375 0.8286666666666667 0.1015625 0.06
0 0.33242187500000003 0.7913333333333333 0.11796875000000001 0.06799999999999999
0 0.3125 0.768 0.0765625 0.056
10 0.346484375 0.7266666666666667 0.08203125 0.08
0 0.327734375 0.7879999999999999 0.12578125 0.08
10 0.38320312500000003 0.6986666666666667 0.08046875 0.11733333333333333
0 0.30781250000000004 0.7686666666666666 0.09843750000000001 0.076
10 0.380859375 0.6373333333333333 0.07421875 0.06933333333333333
0 0.568359375 0.714 0.09140625000000001 0.05466666666666666
10 0.18281250000000002 0.6859999999999999 0.07187500000000001 0.092
10 0.39921875 0.6353333333333333 0.08281250000000001 0.08399999999999999
10 0.38359375 0.6966666666666667 0.0859375 0.12133333333333333
10 0.3453125 0.7006666666666667 0.0890625 0.08133333333333333
0 0.56875 0.708 0.1 0.07733333333333334
