10 0.33984375 0.7066666666666667 0.11093750000000001 0.08266666666666667
10 0.32421875 0.7466666666666666 0.1046875 0.088
10 0.39453125 0.636 0.09531250000000001 0.12
10 0.423828125 0.7713333333333333 0.057031250000000006 0.14533333333333334
10 0.6257812500000001 0.7886666666666666 0.1 0.11066666666666666
10 0.62421875 0.7846666666666666 0.084375 0.08666666666666667
10 0.39609375 0.642 0.08125 0.08133333333333333
10 0.429296875 0.7713333333333333 0.039843750000000004 0.12133333333333333
10 0.33710937500000004 0.704 0.09453125000000001 0.050666666666666665
10 0.17734375000000002 0.6893333333333334 0.0484375 0.048
10 0.32578125 0.7406666666666667 0.0921875 0.05466666666666666
0 0.291015625 0.8706666666666666 0.05390625 0.050666666666666665
