10 0.183984375 0.6913333333333334 0.06171875 0.05466666666666666
10 0.25 0.4993333333333333 0.029687500000000002 0.09466666666666666
10 0.26406250000000003 0.494 0.0328125 0.11599999999999999
10 0.42812500000000003 0.772 0.034375 0.11733333333333333
10 0.291796875 0.8706666666666666 0.06171875 0.05333333333333333
10 0.280859375 0.51 0.03671875 0.11333333333333333
10 0.24960937500000002 0.5006666666666667 0.017968750000000002 0.08399999999999999
10 0.425390625 0.7706666666666666 0.047656250000000004 0.128
10 0.264453125 0.49666666666666665 0.02109375 0.108
10 0.27968750000000003 0.5073333333333333 0.0234375 0.10266666666666667
