10 0.18320312500000002 0.6953333333333334 0.05859375 0.06533333333333333
10 0.380859375 0.7046666666666667 0.07109375 0.14266666666666666
10 0.3015625 0.8613333333333333 0.03125 0.034666666666666665
10 0.42695312500000004 0.7693333333333333 0.05390625 0.13866666666666666
10 0.396484375 0.6413333333333333 0.08828125 0.09066666666666666
10 0.35195312500000003 0.734 0.041406250000000006 0.09999999999999999
10 0.6238281250000001 0.7926666666666666 0.09296875 0.09733333333333333
10 0.35000000000000003 0.7326666666666667 0.053125000000000006 0.12933333333333333
10 0.3828125 0.7026666666666667 0.065625 0.128
10 0.42617187500000003 0.7726666666666666 0.03359375 0.12133333333333333
10 0.39882812500000003 0.636 0.07109375 0.06933333333333333
10 0.62421875 0.7906666666666666 0.0859375 0.072
