13 0.38046875 0.7646666666666666 0.10625000000000001 0.10266666666666667
13 0.3796875 0.7106666666666667 0.1046875 0.09866666666666667
10 0.35703125 0.5546666666666666 0.05625 0.12533333333333332
10 0.24140625000000002 0.6446666666666666 0.0390625 0.11599999999999999
10 0.276171875 0.612 0.06015625 0.09866666666666667
10 0.2515625 0.48733333333333334 0.0234375 0.07866666666666666
10 0.32109375 0.54 0.0859375 0.064
10 0.30781250000000004 0.518 0.0765625 0.09733333333333333
10 0.292578125 0.51 0.06171875 0.09733333333333333
10 0.26015625000000003 0.5493333333333333 0.046875 0.09066666666666666
