10 0.30625 0.5173333333333333 0.0765625 0.09066666666666666
10 0.29296875 0.5066666666666666 0.0578125 0.09333333333333332
10 0.265234375 0.484 0.02890625 0.096
10 0.240625 0.6393333333333333 0.034375 0.12133333333333333
10 0.29921875000000003 0.5706666666666667 0.059375000000000004 0.04533333333333333
10 0.276953125 0.6133333333333333 0.06015625 0.09866666666666667
10 0.32265625000000003 0.5406666666666666 0.084375 0.06533333333333333
10 0.25820312500000003 0.5473333333333333 0.04296875 0.08933333333333333
10 0.35625 0.5546666666666666 0.0546875 0.12533333333333332
13 0.38046875 0.7613333333333333 0.10625000000000001 0.104
13 0.37890625 0.71 0.1015625 0.09466666666666666
