10 0.21210937500000002 0.7386666666666667 0.07890625000000001 0.07466666666666666
10 0.240234375 0.642 0.039843750000000004 0.11866666666666666
10 0.236328125 0.6686666666666666 0.08203125 0.06533333333333333
10 0.276171875 0.612 0.06015625 0.09866666666666667
10 0.264453125 0.48266666666666663 0.030468750000000003 0.09066666666666666
10 0.321875 0.54 0.0859375 0.064
10 0.30703125000000003 0.518 0.07500000000000001 0.09733333333333333
10 0.292578125 0.51 0.06171875 0.09733333333333333
10 0.26015625000000003 0.5453333333333333 0.046875 0.09066666666666666
10 0.22734375 0.7046666666666667 0.08750000000000001 0.06
0 0.32421875 0.8039999999999999 0.11093750000000001 0.06666666666666667
