0 0.32539062500000004 0.8046666666666666 0.12578125 0.09466666666666666
10 0.21171875 0.7393333333333333 0.09062500000000001 0.08666666666666667
10 0.2265625 0.7133333333333333 0.0921875 0.08533333333333333
10 0.23789062500000002 0.6726666666666666 0.09609375 0.08933333333333333
10 0.26992187500000003 0.618 0.05390625 0.124
10 0.30859375 0.616 0.05625 0.13333333333333333
10 0.345703125 0.5673333333333334 0.09296875 0.07066666666666667
10 0.32460937500000003 0.5453333333333333 0.09765625 0.08266666666666667
10 0.30781250000000004 0.5246666666666666 0.08750000000000001 0.12666666666666665
10 0.292578125 0.512 0.06953125 0.12
