0 0.32343750000000004 0.8033333333333333 0.1078125 0.07066666666666667
10 0.32109375 0.5386666666666666 0.08281250000000001 0.05333333333333333
10 0.345703125 0.5626666666666666 0.08359375000000001 0.064
10 0.21210937500000002 0.74 0.07890625000000001 0.072
10 0.22734375 0.7053333333333333 0.084375 0.058666666666666666
10 0.23593750000000002 0.6686666666666666 0.08125 0.06533333333333333
10 0.30898437500000003 0.5186666666666666 0.07109375 0.09333333333333332
10 0.29296875 0.5066666666666666 0.0578125 0.09066666666666666
10 0.265234375 0.48666666666666664 0.02890625 0.10133333333333333
10 0.308203125 0.61 0.04609375 0.132
10 0.26796875000000003 0.6173333333333333 0.045312500000000006 0.10666666666666666
10 0.2828125 0.5893333333333333 0.034375 0.112
