0 0.32265625000000003 0.8039999999999999 0.1125 0.06666666666666667
10 0.21210937500000002 0.7386666666666667 0.08046875 0.08266666666666667
10 0.2265625 0.7093333333333333 0.0859375 0.06133333333333333
10 0.23750000000000002 0.6706666666666666 0.084375 0.08266666666666667
10 0.31015625 0.6173333333333333 0.0421875 0.12
10 0.34218750000000003 0.5593333333333333 0.0765625 0.06
10 0.370703125 0.5366666666666666 0.039843750000000004 0.11066666666666666
10 0.32148437500000004 0.5413333333333333 0.08203125 0.06133333333333333
10 0.30898437500000003 0.5206666666666666 0.07265625 0.09999999999999999
10 0.29140625000000003 0.5113333333333333 0.060937500000000006 0.10266666666666667
0 0.5453125 0.7153333333333333 0.11875000000000001 0.08933333333333333
