0 0.323828125 0.8039999999999999 0.11171875 0.06666666666666667
10 0.21210937500000002 0.7353333333333333 0.08046875 0.07866666666666666
10 0.269140625 0.6133333333333333 0.047656250000000004 0.12
10 0.308203125 0.6093333333333333 0.04296875 0.13066666666666665
10 0.323046875 0.5386666666666666 0.08671875000000001 0.058666666666666666
10 0.306640625 0.5233333333333333 0.07578125000000001 0.108
10 0.2921875 0.5086666666666666 0.059375000000000004 0.09733333333333333
10 0.2671875 0.48533333333333334 0.026562500000000003 0.096
10 0.258984375 0.5453333333333333 0.039843750000000004 0.096
10 0.2265625 0.7066666666666667 0.0859375 0.06133333333333333
10 0.23515625 0.6699999999999999 0.0859375 0.06799999999999999
10 0.2859375 0.5933333333333333 0.028125 0.104
10 0.3453125 0.5633333333333334 0.08281250000000001 0.05466666666666666
