0 0.32343750000000004 0.7993333333333333 0.12187500000000001 0.08666666666666667
0 0.275 0.7773333333333333 0.1 0.16533333333333333
10 0.211328125 0.7413333333333333 0.08203125 0.06933333333333333
10 0.225 0.7126666666666667 0.084375 0.076
10 0.234765625 0.6659999999999999 0.08984375 0.07866666666666666
10 0.30703125000000003 0.6113333333333333 0.045312500000000006 0.13466666666666666
10 0.34023437500000003 0.566 0.07578125000000001 0.07066666666666667
10 0.37226562500000004 0.534 0.047656250000000004 0.12666666666666665
10 0.30859375 0.516 0.07500000000000001 0.096
10 0.2921875 0.5073333333333333 0.060937500000000006 0.10533333333333333
10 0.31796875 0.542 0.0921875 0.05733333333333333
