0 0.32148437500000004 0.8006666666666666 0.11328125 0.08133333333333333
0 0.274609375 0.7786666666666666 0.09140625000000001 0.16266666666666665
10 0.2109375 0.7393333333333333 0.08281250000000001 0.06799999999999999
10 0.22617187500000002 0.708 0.08359375000000001 0.058666666666666666
10 0.23554687500000002 0.6673333333333333 0.08359375000000001 0.07333333333333333
10 0.37343750000000003 0.5333333333333333 0.0421875 0.10933333333333332
10 0.309375 0.61 0.043750000000000004 0.12933333333333333
10 0.323046875 0.5413333333333333 0.08671875000000001 0.08266666666666667
10 0.3046875 0.518 0.07968750000000001 0.09466666666666666
10 0.283984375 0.5926666666666667 0.030468750000000003 0.108
