0 0.32109375 0.8079999999999999 0.115625 0.06933333333333333
10 0.21171875 0.7413333333333333 0.08125 0.07733333333333334
10 0.22734375 0.7146666666666667 0.0859375 0.064
10 0.2390625 0.6679999999999999 0.084375 0.06933333333333333
10 0.309375 0.612 0.045312500000000006 0.13599999999999998
10 0.343359375 0.5619999999999999 0.08515625 0.06799999999999999
10 0.321875 0.54 0.084375 0.058666666666666666
10 0.373828125 0.5386666666666666 0.03828125 0.10933333333333332
10 0.30585937500000004 0.5206666666666666 0.07890625000000001 0.09733333333333333
10 0.29140625000000003 0.5093333333333333 0.06406250000000001 0.09866666666666667
