0 0.323046875 0.8066666666666666 0.11796875000000001 0.08
10 0.212890625 0.7386666666666667 0.08359375000000001 0.08533333333333333
10 0.22734375 0.7126666666666667 0.08750000000000001 0.06266666666666666
10 0.238671875 0.6679999999999999 0.09140625000000001 0.07466666666666666
10 0.30898437500000003 0.61 0.04609375 0.13733333333333334
10 0.34453125 0.564 0.0859375 0.072
10 0.374609375 0.5386666666666666 0.05078125 0.12533333333333332
10 0.322265625 0.5366666666666666 0.08515625 0.06533333333333333
10 0.307421875 0.5166666666666666 0.07734375 0.09999999999999999
10 0.294140625 0.506 0.05859375 0.09733333333333333
