0 0.32734375000000004 0.8099999999999999 0.1265625 0.11066666666666666
10 0.21250000000000002 0.7426666666666667 0.08750000000000001 0.08266666666666667
10 0.22773437500000002 0.7153333333333333 0.09296875 0.07333333333333333
10 0.23671875 0.6726666666666666 0.09062500000000001 0.08399999999999999
10 0.30859375 0.6093333333333333 0.051562500000000004 0.13866666666666666
10 0.346484375 0.5653333333333334 0.09765625 0.07466666666666666
10 0.270703125 0.616 0.049218750000000006 0.12266666666666666
10 0.323828125 0.5406666666666666 0.09296875 0.07333333333333333
10 0.30976562500000004 0.524 0.07734375 0.11733333333333333
10 0.291796875 0.5126666666666666 0.06953125 0.11333333333333333
