0 0.323828125 0.8053333333333333 0.11171875 0.07466666666666666
10 0.21210937500000002 0.7406666666666667 0.08046875 0.07866666666666666
10 0.225390625 0.7126666666666667 0.08515625 0.06533333333333333
10 0.23515625 0.6726666666666666 0.0859375 0.08133333333333333
10 0.309375 0.612 0.043750000000000004 0.12
10 0.338671875 0.5646666666666667 0.07265625 0.06266666666666666
10 0.371875 0.5393333333333333 0.040625 0.108
10 0.3203125 0.5386666666666666 0.08281250000000001 0.058666666666666666
10 0.307421875 0.5186666666666666 0.07421875 0.09866666666666667
10 0.29375 0.5093333333333333 0.059375000000000004 0.104
