0 0.32460937500000003 0.8013333333333333 0.11015625000000001 0.064
15 0.2109375 0.738 0.0859375 0.08666666666666667
10 0.22617187500000002 0.71 0.08984375 0.06533333333333333
10 0.237109375 0.6686666666666666 0.08671875000000001 0.07066666666666667
10 0.30976562500000004 0.61 0.05234375 0.14533333333333334
10 0.28359375000000003 0.5926666666666667 0.034375 0.10533333333333333
10 0.337890625 0.5579999999999999 0.08046875 0.07333333333333333
10 0.37343750000000003 0.538 0.045312500000000006 0.124
10 0.30781250000000004 0.514 0.0765625 0.09733333333333333
10 0.294140625 0.5093333333333333 0.06484375 0.10666666666666666
