0 0.32656250000000003 0.8033333333333333 0.115625 0.07333333333333333
10 0.212890625 0.7386666666666667 0.08515625 0.08533333333333333
10 0.22968750000000002 0.7113333333333333 0.08750000000000001 0.07333333333333333
10 0.23750000000000002 0.6679999999999999 0.084375 0.072
10 0.28671875 0.594 0.0390625 0.11333333333333333
10 0.30781250000000004 0.6086666666666667 0.0484375 0.13733333333333334
10 0.34101562500000004 0.5626666666666666 0.08203125 0.06933333333333333
10 0.37226562500000004 0.5333333333333333 0.04453125 0.12266666666666666
10 0.321875 0.5333333333333333 0.084375 0.06666666666666667
10 0.30781250000000004 0.5246666666666666 0.07968750000000001 0.11333333333333333
10 0.29531250000000003 0.5073333333333333 0.06406250000000001 0.10266666666666667
