0 0.325 0.8053333333333333 0.12187500000000001 0.07733333333333334
10 0.21445312500000002 0.7393333333333333 0.08984375 0.092
10 0.225390625 0.7113333333333333 0.09921875000000001 0.07866666666666666
10 0.23750000000000002 0.6686666666666666 0.09062500000000001 0.092
10 0.28671875 0.5946666666666667 0.0421875 0.128
10 0.31093750000000003 0.61 0.05 0.13999999999999999
10 0.34765625 0.564 0.09375 0.07733333333333334
10 0.37343750000000003 0.5393333333333333 0.0484375 0.11866666666666666
10 0.30507812500000003 0.5126666666666666 0.08515625 0.11066666666666666
10 0.32265625000000003 0.5386666666666666 0.084375 0.08533333333333333
