0 0.32343750000000004 0.7986666666666666 0.1125 0.08533333333333333
0 0.27382812500000003 0.78 0.09609375 0.17066666666666666
10 0.2109375 0.7406666666666667 0.07968750000000001 0.07066666666666667
10 0.22578125000000002 0.71 0.08750000000000001 0.05466666666666666
10 0.238671875 0.6659999999999999 0.08046875 0.07066666666666667
10 0.31093750000000003 0.6093333333333333 0.045312500000000006 0.128
10 0.34375 0.5606666666666666 0.07968750000000001 0.06533333333333333
10 0.37226562500000004 0.5353333333333333 0.04453125 0.11066666666666666
10 0.32109375 0.542 0.08125 0.06
10 0.30585937500000004 0.52 0.07734375 0.09866666666666667
10 0.2921875 0.5106666666666666 0.060937500000000006 0.09866666666666667
