0 0.272265625 0.7786666666666666 0.09765625 0.16
0 0.32148437500000004 0.8006666666666666 0.11171875 0.092
10 0.209765625 0.7406666666666667 0.08203125 0.076
10 0.225390625 0.7166666666666667 0.08671875000000001 0.06266666666666666
10 0.232421875 0.6739999999999999 0.09296875 0.08133333333333333
10 0.31015625 0.6126666666666667 0.0484375 0.13733333333333334
10 0.34101562500000004 0.564 0.08828125 0.064
10 0.37148437500000003 0.532 0.047656250000000004 0.11733333333333333
10 0.3203125 0.542 0.08125 0.06799999999999999
10 0.308203125 0.516 0.07265625 0.09333333333333332
10 0.292578125 0.5113333333333333 0.06171875 0.09999999999999999
