10 0.21250000000000002 0.738 0.0890625 0.08399999999999999
10 0.225 0.7133333333333333 0.09375 0.06933333333333333
10 0.23515625 0.6713333333333333 0.09531250000000001 0.092
0 0.275390625 0.7753333333333333 0.10078125 0.164
0 0.321875 0.8066666666666666 0.115625 0.10133333333333333
10 0.309375 0.61 0.0484375 0.132
10 0.370703125 0.538 0.05234375 0.12666666666666665
10 0.342578125 0.5713333333333334 0.08515625 0.08666666666666667
10 0.30546875 0.5173333333333333 0.08125 0.104
10 0.295703125 0.5066666666666666 0.07109375 0.10933333333333332
