0 0.325 0.7979999999999999 0.11406250000000001 0.07866666666666666
10 0.21054687500000002 0.74 0.08828125 0.09066666666666666
10 0.2234375 0.7073333333333333 0.09531250000000001 0.07066666666666667
10 0.23593750000000002 0.6666666666666666 0.0921875 0.07466666666666666
10 0.282421875 0.5833333333333333 0.03828125 0.12133333333333333
10 0.3046875 0.6073333333333333 0.0546875 0.13466666666666666
10 0.34687500000000004 0.572 0.09531250000000001 0.06133333333333333
10 0.322265625 0.5459999999999999 0.09453125000000001 0.07333333333333333
10 0.30312500000000003 0.5273333333333333 0.0859375 0.11066666666666666
10 0.28984375 0.51 0.06875 0.09999999999999999
