0 0.32460937500000003 0.8033333333333333 0.11484375000000001 0.08399999999999999
10 0.209765625 0.7426666666666667 0.08359375000000001 0.08
10 0.22812500000000002 0.7146666666666667 0.0859375 0.06933333333333333
10 0.23945312500000002 0.6726666666666666 0.08984375 0.07866666666666666
0 0.278125 0.7853333333333333 0.096875 0.18133333333333332
10 0.310546875 0.6086666666666667 0.055468750000000004 0.13466666666666666
10 0.341796875 0.5726666666666667 0.08984375 0.10533333333333333
10 0.3765625 0.538 0.05 0.132
10 0.32265625000000003 0.5373333333333333 0.084375 0.10133333333333333
10 0.304296875 0.5166666666666666 0.08359375000000001 0.11866666666666666
10 0.2921875 0.5026666666666666 0.0625 0.13066666666666665
