0 0.321875 0.7953333333333333 0.11875000000000001 0.08933333333333333
0 0.275 0.7773333333333333 0.0921875 0.16266666666666665
10 0.21210937500000002 0.74 0.08046875 0.072
10 0.22812500000000002 0.7146666666666667 0.0859375 0.064
10 0.23750000000000002 0.6699999999999999 0.0859375 0.06799999999999999
10 0.283203125 0.5906666666666667 0.03671875 0.128
10 0.30976562500000004 0.6113333333333333 0.039843750000000004 0.12666666666666665
10 0.37265625 0.5366666666666666 0.040625 0.11599999999999999
10 0.34101562500000004 0.566 0.08203125 0.052
10 0.32109375 0.5353333333333333 0.0890625 0.07866666666666666
10 0.30898437500000003 0.522 0.07109375 0.09999999999999999
