0 0.322265625 0.7973333333333333 0.11171875 0.08266666666666667
0 0.274609375 0.7773333333333333 0.09296875 0.15733333333333333
10 0.211328125 0.7393333333333333 0.08046875 0.07333333333333333
10 0.2265625 0.7106666666666667 0.084375 0.056
10 0.23554687500000002 0.6679999999999999 0.08359375000000001 0.06933333333333333
10 0.2703125 0.6146666666666667 0.05 0.11733333333333333
10 0.37343750000000003 0.5346666666666666 0.0421875 0.10666666666666666
10 0.308203125 0.6106666666666667 0.04609375 0.128
10 0.343359375 0.5673333333333334 0.07890625000000001 0.05733333333333333
10 0.31015625 0.5166666666666666 0.06875 0.08666666666666667
10 0.29335937500000003 0.5106666666666666 0.057031250000000006 0.09866666666666667
10 0.265234375 0.488 0.02734375 0.10133333333333333
10 0.28554687500000003 0.5913333333333333 0.02890625 0.108
10 0.32109375 0.5406666666666666 0.08125 0.06266666666666666
