15 0.287109375 0.7613333333333333 0.21328125 0.192
15 0.28046875 0.6706666666666666 0.1328125 0.09866666666666667
15 0.3171875 0.6226666666666666 0.1328125 0.104
15 0.334765625 0.5713333333333334 0.14921875 0.124
15 0.43671875000000004 0.6926666666666667 0.22187500000000002 0.15066666666666667
15 0.44453125000000004 0.6126666666666667 0.1640625 0.12666666666666665
15 0.48281250000000003 0.5346666666666666 0.1703125 0.144
15 0.32656250000000003 0.508 0.1484375 0.104
15 0.32539062500000004 0.44 0.14765625000000002 0.10666666666666666
15 0.288671875 0.3753333333333333 0.05859375 0.19066666666666665
