15 0.2890625 0.7633333333333333 0.25 0.23066666666666666
15 0.291796875 0.6719999999999999 0.18984375 0.13599999999999998
15 0.32148437500000004 0.622 0.17578125 0.164
15 0.33828125000000003 0.572 0.1765625 0.144
15 0.35078125000000004 0.5066666666666666 0.21406250000000002 0.13866666666666666
15 0.323046875 0.43866666666666665 0.17890625000000002 0.13333333333333333
15 0.507421875 0.5306666666666666 0.23828125 0.19733333333333333
15 0.4703125 0.618 0.2421875 0.18533333333333332
15 0.447265625 0.7106666666666667 0.25703125 0.208
15 0.284765625 0.4066666666666667 0.09453125000000001 0.30933333333333335
