15 0.24335937500000002 0.8019999999999999 0.16796875 0.16933333333333334
15 0.44453125000000004 0.8413333333333333 0.15781250000000002 0.14133333333333334
15 0.22578125000000002 0.888 0.15781250000000002 0.15733333333333333
15 0.40468750000000003 0.6126666666666667 0.15625 0.124
15 0.24335937500000002 0.8019999999999999 0.16796875 0.16933333333333334
15 0.44453125000000004 0.8413333333333333 0.15781250000000002 0.14133333333333334
15 0.22578125000000002 0.888 0.15781250000000002 0.15733333333333333
15 0.40468750000000003 0.6126666666666667 0.15625 0.124
15 0.24335937500000002 0.8019999999999999 0.16796875 0.16933333333333334
15 0.44453125000000004 0.8413333333333333 0.15781250000000002 0.14133333333333334
15 0.22578125000000002 0.888 0.15781250000000002 0.15733333333333333
15 0.40468750000000003 0.6126666666666667 0.15625 0.124
