15 0.24609375 0.8026666666666666 0.1703125 0.17066666666666666
12 0.693359375 0.818 0.16015625 0.13466666666666666
15 0.226953125 0.8846666666666666 0.16015625 0.14533333333333334
15 0.39921875 0.6113333333333333 0.17343750000000002 0.12933333333333333
15 0.24609375 0.8026666666666666 0.1703125 0.17066666666666666
15 0.226953125 0.8846666666666666 0.16015625 0.14533333333333334
15 0.39921875 0.6113333333333333 0.17343750000000002 0.12933333333333333
15 0.24609375 0.8026666666666666 0.1703125 0.17066666666666666
12 0.693359375 0.818 0.16015625 0.13466666666666666
15 0.226953125 0.8846666666666666 0.16015625 0.14533333333333334
15 0.39921875 0.6113333333333333 0.17343750000000002 0.12933333333333333
