6 0.698828125 0.884 0.10703125000000001 0.07466666666666666
0 0.292578125 0.38666666666666666 0.049218750000000006 0.14666666666666667
15 0.282421875 0.8333333333333333 0.18515625000000002 0.19466666666666665
15 0.236328125 0.8826666666666666 0.16796875 0.192
6 0.698828125 0.884 0.10703125000000001 0.07466666666666666
0 0.292578125 0.38666666666666666 0.049218750000000006 0.14666666666666667
15 0.282421875 0.8333333333333333 0.18515625000000002 0.19466666666666665
15 0.236328125 0.8826666666666666 0.16796875 0.192
6 0.698828125 0.884 0.10703125000000001 0.07466666666666666
0 0.292578125 0.38666666666666666 0.049218750000000006 0.14666666666666667
15 0.282421875 0.8333333333333333 0.18515625000000002 0.19466666666666665
15 0.236328125 0.8826666666666666 0.16796875 0.192
