15 0.475390625 0.7566666666666666 0.09453125000000001 0.2733333333333333
0 0.29335937500000003 0.3873333333333333 0.047656250000000004 0.148
15 0.283203125 0.8066666666666666 0.17734375000000002 0.15466666666666667
15 0.26171875 0.8713333333333333 0.19843750000000002 0.17733333333333332
15 0.475390625 0.7566666666666666 0.09453125000000001 0.2733333333333333
0 0.29335937500000003 0.3873333333333333 0.047656250000000004 0.148
15 0.283203125 0.8066666666666666 0.17734375000000002 0.15466666666666667
15 0.26171875 0.8713333333333333 0.19843750000000002 0.17733333333333332
15 0.475390625 0.7566666666666666 0.09453125000000001 0.2733333333333333
0 0.29335937500000003 0.3873333333333333 0.047656250000000004 0.148
15 0.283203125 0.8066666666666666 0.17734375000000002 0.15466666666666667
15 0.26171875 0.8713333333333333 0.19843750000000002 0.17733333333333332
