15 0.29726562500000003 0.814 0.24140625000000002 0.17466666666666666
6 0.452734375 0.7533333333333333 0.20390625 0.13599999999999998
15 0.24570312500000002 0.87 0.22265625 0.18
15 0.3359375 0.624 0.2 0.18666666666666665
15 0.29726562500000003 0.814 0.24140625000000002 0.17466666666666666
6 0.452734375 0.7533333333333333 0.20390625 0.13599999999999998
15 0.24570312500000002 0.87 0.22265625 0.18
15 0.3359375 0.624 0.2 0.18666666666666665
15 0.29726562500000003 0.814 0.24140625000000002 0.17466666666666666
6 0.452734375 0.7533333333333333 0.20390625 0.13599999999999998
15 0.24570312500000002 0.87 0.22265625 0.18
15 0.3359375 0.624 0.2 0.18666666666666665
