15 0.22265625 0.8946666666666666 0.184375 0.18666666666666665
15 0.302734375 0.8133333333333334 0.22734375 0.18133333333333332
0 0.6000000000000001 0.7233333333333333 0.1125 0.092
15 0.31289062500000003 0.658 0.22109375 0.21733333333333332
15 0.22265625 0.8946666666666666 0.184375 0.18666666666666665
15 0.302734375 0.8133333333333334 0.22734375 0.18133333333333332
0 0.6000000000000001 0.7233333333333333 0.1125 0.092
15 0.31289062500000003 0.658 0.22109375 0.21733333333333332
15 0.22265625 0.8946666666666666 0.184375 0.18666666666666665
15 0.302734375 0.8133333333333334 0.22734375 0.18133333333333332
0 0.6000000000000001 0.7233333333333333 0.1125 0.092
15 0.31289062500000003 0.658 0.22109375 0.21733333333333332
