6 0.44921875 0.7486666666666666 0.2078125 0.13999999999999999
15 0.30195312500000004 0.8113333333333334 0.22890625 0.18266666666666667
15 0.22382812500000002 0.896 0.18671875000000002 0.17333333333333334
15 0.32148437500000004 0.6253333333333333 0.22578125000000002 0.19999999999999998
6 0.44921875 0.7486666666666666 0.2078125 0.13999999999999999
15 0.30195312500000004 0.8113333333333334 0.22890625 0.18266666666666667
15 0.22382812500000002 0.896 0.18671875000000002 0.17333333333333334
15 0.32148437500000004 0.6253333333333333 0.22578125000000002 0.19999999999999998
6 0.44921875 0.7486666666666666 0.2078125 0.13999999999999999
15 0.30195312500000004 0.8113333333333334 0.22890625 0.18266666666666667
15 0.22382812500000002 0.896 0.18671875000000002 0.17333333333333334
15 0.32148437500000004 0.6253333333333333 0.22578125000000002 0.19999999999999998
