15 0.37916666666666665 0.8563106796116504 0.171875 0.29514563106796116
15 0.5005208333333333 0.8126213592233009 0.13854166666666667 0.3650485436893204
15 0.5932291666666667 0.7868932038834952 0.128125 0.3524271844660194
0 0.140625 0.9048543689320387 0.058333333333333334 0.19029126213592232
15 0.334375 0.7771844660194175 0.20625 0.3
15 0.37916666666666665 0.8563106796116504 0.171875 0.29514563106796116
15 0.5005208333333333 0.8126213592233009 0.13854166666666667 0.3650485436893204
15 0.5932291666666667 0.7868932038834952 0.128125 0.3524271844660194
0 0.140625 0.9048543689320387 0.058333333333333334 0.19029126213592232
15 0.334375 0.7771844660194175 0.20625 0.3
