15 0.38046875 0.8558252427184465 0.1703125 0.2961165048543689
15 0.5044270833333333 0.816504854368932 0.13385416666666666 0.3611650485436893
15 0.5921875 0.7776699029126213 0.134375 0.3669902912621359
0 0.14088541666666665 0.904368932038835 0.05677083333333333 0.1912621359223301
15 0.33515625 0.7757281553398058 0.20677083333333332 0.3029126213592233
15 0.38046875 0.8558252427184465 0.1703125 0.2961165048543689
15 0.5044270833333333 0.816504854368932 0.13385416666666666 0.3611650485436893
15 0.5921875 0.7776699029126213 0.134375 0.3669902912621359
0 0.14088541666666665 0.904368932038835 0.05677083333333333 0.1912621359223301
15 0.33515625 0.7757281553398058 0.20677083333333332 0.3029126213592233
