15 0.4739583333333333 0.84126213592233 0.14270833333333333 0.3252427184466019
15 0.21276041666666667 0.8252427184466019 0.11197916666666667 0.29708737864077667
15 0.16692708333333334 0.8441747572815533 0.08802083333333333 0.2728155339805825
15 0.2630208333333333 0.8131067961165048 0.11041666666666666 0.31165048543689317
15 0.5578125 0.7868932038834952 0.16770833333333332 0.3699029126213592
15 0.4739583333333333 0.84126213592233 0.14270833333333333 0.3252427184466019
15 0.24921875 0.7970873786407766 0.11197916666666667 0.29708737864077667
15 0.16692708333333334 0.8441747572815533 0.08802083333333333 0.2728155339805825
15 0.29192708333333334 0.84126213592233 0.1109375 0.31165048543689317
15 0.5578125 0.7868932038834952 0.16770833333333332 0.3699029126213592
