15 0.6627604166666666 0.5936893203883495 0.0828125 0.1970873786407767
15 0.2671875 0.7936893203883495 0.13020833333333334 0.34466019417475724
15 0.3268229166666667 0.808252427184466 0.1609375 0.3815533980582524
15 0.54609375 0.7757281553398058 0.12343749999999999 0.35339805825242715
15 0.6091145833333333 0.7684466019417475 0.11822916666666666 0.329126213592233
15 0.6627604166666666 0.5936893203883495 0.0828125 0.1970873786407767
15 0.2671875 0.7936893203883495 0.13020833333333334 0.34466019417475724
15 0.3268229166666667 0.808252427184466 0.1609375 0.3815533980582524
15 0.54609375 0.7757281553398058 0.12343749999999999 0.35339805825242715
15 0.6091145833333333 0.7684466019417475 0.11822916666666666 0.329126213592233
