15 0.16692708333333334 0.8466019417475728 0.0796875 0.2563106796116505
15 0.22760416666666666 0.8014563106796116 0.11562499999999999 0.30776699029126214
15 0.38984375 0.8019417475728156 0.17447916666666666 0.3864077669902912
15 0.53359375 0.5538834951456311 0.17239583333333333 0.17766990291262136
15 0.5919270833333333 0.7796116504854369 0.1140625 0.3320388349514563
15 0.31875 0.8150485436893203 0.14479166666666665 0.35436893203883496
15 0.6635416666666667 0.758252427184466 0.125 0.32815533980582523
15 0.16692708333333334 0.8466019417475728 0.0796875 0.2563106796116505
15 0.22760416666666666 0.8014563106796116 0.11562499999999999 0.30776699029126214
15 0.38984375 0.8019417475728156 0.17447916666666666 0.3864077669902912
15 0.53359375 0.5538834951456311 0.17239583333333333 0.17766990291262136
15 0.5919270833333333 0.7796116504854369 0.1140625 0.3320388349514563
15 0.31875 0.8150485436893203 0.14479166666666665 0.35436893203883496
15 0.6635416666666667 0.758252427184466 0.125 0.32815533980582523
