15 0.16614583333333333 0.8558252427184465 0.07708333333333334 0.22427184466019418
0 0.13932291666666666 0.9223300970873786 0.059895833333333336 0.16310679611650486
15 0.25703125 0.5524271844660193 0.15364583333333334 0.13592233009708737
15 0.28854166666666664 0.8305825242718446 0.103125 0.3058252427184466
15 0.24661458333333333 0.8048543689320388 0.10781249999999999 0.30097087378640774
15 0.6481770833333333 0.7635922330097087 0.1296875 0.34271844660194173
15 0.16614583333333333 0.8558252427184465 0.07708333333333334 0.22427184466019418
0 0.13932291666666666 0.9223300970873786 0.059895833333333336 0.16310679611650486
15 0.25703125 0.5524271844660193 0.15364583333333334 0.13592233009708737
15 0.28854166666666664 0.8305825242718446 0.103125 0.3058252427184466
15 0.24661458333333333 0.8048543689320388 0.10781249999999999 0.30097087378640774
15 0.6481770833333333 0.7635922330097087 0.1296875 0.34271844660194173
