15 0.17421875 0.8330097087378641 0.10260416666666666 0.29514563106796116
0 0.13932291666666666 0.9228155339805825 0.050520833333333334 0.16019417475728154
15 0.23046875 0.8072815533980582 0.10781249999999999 0.28252427184466017
15 0.5989583333333334 0.7713592233009708 0.11979166666666667 0.3504854368932039
15 0.6598958333333333 0.7674757281553398 0.1375 0.3271844660194175
15 0.17421875 0.8330097087378641 0.10260416666666666 0.29514563106796116
0 0.13932291666666666 0.9228155339805825 0.050520833333333334 0.16019417475728154
15 0.23046875 0.8072815533980582 0.10781249999999999 0.28252427184466017
15 0.5989583333333334 0.7713592233009708 0.11979166666666667 0.3504854368932039
15 0.6598958333333333 0.7674757281553398 0.1375 0.3271844660194175
