15 0.2895833333333333 0.8310679611650486 0.10520833333333333 0.3048543689320388
0 0.13958333333333334 0.9223300970873786 0.052083333333333336 0.15922330097087378
15 0.17473958333333334 0.833495145631068 0.10364583333333333 0.2941747572815534
15 0.23723958333333334 0.8019417475728156 0.10989583333333333 0.2912621359223301
15 0.6484375 0.7669902912621359 0.13020833333333334 0.341747572815534
15 0.2895833333333333 0.8310679611650486 0.10520833333333333 0.3048543689320388
0 0.13958333333333334 0.9223300970873786 0.052083333333333336 0.15922330097087378
15 0.17473958333333334 0.833495145631068 0.10364583333333333 0.2941747572815534
15 0.23723958333333334 0.8019417475728156 0.10989583333333333 0.2912621359223301
15 0.6484375 0.7669902912621359 0.13020833333333334 0.341747572815534
