15 0.6161458333333333 0.7728155339805824 0.10208333333333333 0.3048543689320388
15 0.22109375 0.8616504854368932 0.09322916666666667 0.27475728155339807
15 0.4354166666666667 0.8262135922330097 0.1375 0.341747572815534
15 0.18046875 0.8446601941747572 0.10260416666666666 0.29320388349514565
15 0.35390625 0.8199029126213592 0.13802083333333334 0.33883495145631065
15 0.6161458333333333 0.7728155339805824 0.10208333333333333 0.3048543689320388
15 0.22109375 0.8616504854368932 0.09322916666666667 0.27475728155339807
15 0.4354166666666667 0.8262135922330097 0.1375 0.341747572815534
15 0.18046875 0.8446601941747572 0.10260416666666666 0.29320388349514565
15 0.35390625 0.8199029126213592 0.13802083333333334 0.33883495145631065
