15 0.2359375 0.8558252427184465 0.15625 0.2786407766990291
15 0.17864583333333334 0.8466019417475728 0.11458333333333333 0.28932038834951457
15 0.25807291666666665 0.558252427184466 0.15260416666666665 0.13398058252427184
15 0.3299479166666667 0.8155339805825242 0.17135416666666667 0.3378640776699029
15 0.51015625 0.8058252427184466 0.13072916666666667 0.341747572815534
15 0.5885416666666666 0.7966019417475728 0.15625 0.36601941747572814
15 0.2359375 0.8558252427184465 0.15625 0.2786407766990291
15 0.17864583333333334 0.8466019417475728 0.11458333333333333 0.28932038834951457
15 0.25807291666666665 0.558252427184466 0.15260416666666665 0.13398058252427184
15 0.3299479166666667 0.8155339805825242 0.17135416666666667 0.3378640776699029
15 0.51015625 0.8058252427184466 0.13072916666666667 0.341747572815534
15 0.5885416666666666 0.7966019417475728 0.15625 0.36601941747572814
