15 0.16328125 0.8519417475728155 0.09635416666666667 0.2689320388349514
15 0.43359375 0.8014563106796116 0.15989583333333332 0.3233009708737864
15 0.3380208333333333 0.8111650485436893 0.16666666666666666 0.34466019417475724
15 0.5028645833333333 0.8063106796116505 0.1328125 0.3524271844660194
15 0.5877604166666667 0.7951456310679611 0.1515625 0.3669902912621359
15 0.16328125 0.8519417475728155 0.09635416666666667 0.2689320388349514
15 0.43359375 0.8014563106796116 0.15989583333333332 0.3233009708737864
15 0.3380208333333333 0.8111650485436893 0.16666666666666666 0.34466019417475724
15 0.5028645833333333 0.8063106796116505 0.1328125 0.3524271844660194
15 0.5877604166666667 0.7951456310679611 0.1515625 0.3669902912621359
