15 0.22057291666666667 0.8669902912621359 0.09322916666666667 0.2621359223300971
15 0.33697916666666666 0.8174757281553398 0.13125 0.3378640776699029
15 0.8455729166666667 0.5058252427184465 0.1015625 0.09320388349514563
15 0.1671875 0.8446601941747572 0.09791666666666667 0.2854368932038835
15 0.6130208333333333 0.7912621359223301 0.12604166666666666 0.3398058252427184
15 0.22057291666666667 0.8669902912621359 0.09322916666666667 0.2621359223300971
15 0.33697916666666666 0.8174757281553398 0.13125 0.3378640776699029
15 0.8455729166666667 0.5058252427184465 0.1015625 0.09320388349514563
15 0.1671875 0.8446601941747572 0.09791666666666667 0.2854368932038835
15 0.6130208333333333 0.7912621359223301 0.12604166666666666 0.3398058252427184
