15 0.4359375 0.8004854368932038 0.15729166666666666 0.3233009708737864
15 0.25078125 0.5611650485436893 0.1734375 0.14563106796116504
15 0.3375 0.8092233009708738 0.17083333333333334 0.3349514563106796
15 0.496875 0.799514563106796 0.13125 0.3524271844660194
15 0.5927083333333333 0.7975728155339805 0.15104166666666666 0.3757281553398058
15 0.4359375 0.8004854368932038 0.15729166666666666 0.3233009708737864
15 0.25078125 0.5611650485436893 0.1734375 0.14563106796116504
15 0.3375 0.8092233009708738 0.17083333333333334 0.3349514563106796
15 0.496875 0.799514563106796 0.13125 0.3524271844660194
15 0.5927083333333333 0.7975728155339805 0.15104166666666666 0.3757281553398058
