15 0.3893229166666667 0.8262135922330097 0.13177083333333334 0.3553398058252427
15 0.2677083333333333 0.5519417475728156 0.16458333333333333 0.12135922330097088
15 0.21822916666666667 0.8679611650485437 0.08541666666666667 0.2543689320388349
15 0.18151041666666667 0.8587378640776698 0.07864583333333333 0.2689320388349514
15 0.49921875 0.808252427184466 0.13697916666666665 0.3466019417475728
15 0.60234375 0.7966019417475728 0.1421875 0.358252427184466
15 0.3893229166666667 0.8262135922330097 0.13177083333333334 0.3553398058252427
15 0.2677083333333333 0.5519417475728156 0.16458333333333333 0.12135922330097088
15 0.21822916666666667 0.8679611650485437 0.08541666666666667 0.2543689320388349
15 0.18151041666666667 0.8587378640776698 0.07864583333333333 0.2689320388349514
15 0.49921875 0.808252427184466 0.13697916666666665 0.3466019417475728
15 0.60234375 0.7966019417475728 0.1421875 0.358252427184466
