15 0.2203125 0.8679611650485437 0.07395833333333333 0.2543689320388349
15 0.26276041666666666 0.554368932038835 0.1578125 0.1203883495145631
15 0.4127604166666667 0.816504854368932 0.1390625 0.34951456310679613
15 0.18723958333333332 0.8631067961165049 0.08072916666666667 0.26601941747572816
15 0.49557291666666664 0.8053398058252427 0.1421875 0.3504854368932039
15 0.5973958333333333 0.795631067961165 0.15 0.36601941747572814
15 0.2203125 0.8679611650485437 0.07395833333333333 0.2543689320388349
15 0.26276041666666666 0.554368932038835 0.1578125 0.1203883495145631
15 0.4127604166666667 0.816504854368932 0.1390625 0.34951456310679613
15 0.18723958333333332 0.8631067961165049 0.08072916666666667 0.26601941747572816
15 0.49557291666666664 0.8053398058252427 0.1421875 0.3504854368932039
15 0.5973958333333333 0.795631067961165 0.15 0.36601941747572814
