15 0.42083333333333334 0.8038834951456311 0.16041666666666665 0.316504854368932
15 0.15833333333333333 0.853883495145631 0.08229166666666667 0.2689320388349514
15 0.33515625 0.8111650485436893 0.17447916666666666 0.3349514563106796
15 0.5091145833333334 0.8092233009708738 0.13802083333333334 0.3466019417475728
15 0.5903645833333333 0.7966019417475728 0.15572916666666667 0.36796116504854365
15 0.42083333333333334 0.8038834951456311 0.16041666666666665 0.316504854368932
15 0.15833333333333333 0.853883495145631 0.08229166666666667 0.2689320388349514
15 0.33515625 0.8111650485436893 0.17447916666666666 0.3349514563106796
15 0.5091145833333334 0.8092233009708738 0.13802083333333334 0.3466019417475728
15 0.5903645833333333 0.7966019417475728 0.15572916666666667 0.36796116504854365
