15 0.21953124999999998 0.8737864077669902 0.07552083333333333 0.2543689320388349
15 0.4010416666666667 0.8029126213592233 0.13229166666666667 0.3145631067961165
15 0.184375 0.8621359223300971 0.07916666666666666 0.2640776699029126
15 0.471875 0.8257281553398058 0.140625 0.3349514563106796
15 0.5333333333333333 0.8184466019417476 0.12395833333333334 0.35145631067961164
15 0.21953124999999998 0.8737864077669902 0.07552083333333333 0.2543689320388349
15 0.4010416666666667 0.8029126213592233 0.13229166666666667 0.3145631067961165
15 0.184375 0.8621359223300971 0.07916666666666666 0.2640776699029126
15 0.471875 0.8257281553398058 0.140625 0.3349514563106796
15 0.5333333333333333 0.8184466019417476 0.12395833333333334 0.35145631067961164
