15 0.5283854166666666 0.8771844660194175 0.10781249999999999 0.23009708737864076
15 0.3723958333333333 0.8466019417475728 0.11666666666666667 0.30679611650485433
15 0.17760416666666667 0.8723300970873786 0.065625 0.21844660194174756
15 0.43645833333333334 0.5728155339805825 0.16979166666666667 0.17281553398058253
10 0.12447916666666667 0.8597087378640776 0.06875 0.21262135922330097
15 0.5283854166666666 0.8771844660194175 0.10781249999999999 0.23009708737864076
15 0.3723958333333333 0.8466019417475728 0.11666666666666667 0.30679611650485433
15 0.17760416666666667 0.8723300970873786 0.065625 0.21844660194174756
15 0.43645833333333334 0.5728155339805825 0.16979166666666667 0.17281553398058253
10 0.12447916666666667 0.8597087378640776 0.06875 0.21262135922330097
