15 0.4171875 0.8359223300970874 0.13541666666666666 0.3145631067961165
15 0.4888020833333333 0.8242718446601941 0.1296875 0.32233009708737864
15 0.6184895833333334 0.8475728155339806 0.1203125 0.29708737864077667
15 0.321875 0.7383495145631067 0.103125 0.2961165048543689
15 0.46067708333333335 0.5713592233009709 0.21614583333333334 0.17184466019417474
15 0.17734375 0.8728155339805825 0.06927083333333334 0.21941747572815534
10 0.12343749999999999 0.8616504854368932 0.06770833333333333 0.22233009708737864
15 0.4171875 0.8359223300970874 0.13541666666666666 0.3145631067961165
15 0.4888020833333333 0.8242718446601941 0.1296875 0.32233009708737864
15 0.6184895833333334 0.8475728155339806 0.1203125 0.29708737864077667
15 0.321875 0.7383495145631067 0.103125 0.2961165048543689
15 0.46067708333333335 0.5713592233009709 0.21614583333333334 0.17184466019417474
15 0.17734375 0.8728155339805825 0.06927083333333334 0.21941747572815534
10 0.12343749999999999 0.8616504854368932 0.06770833333333333 0.22233009708737864
