15 0.49921875 0.8135922330097087 0.12864583333333332 0.34563106796116505
15 0.44114583333333335 0.8344660194174757 0.13541666666666666 0.31165048543689317
15 0.5981770833333333 0.7800970873786407 0.1453125 0.30388349514563107
15 0.38671875 0.5733009708737864 0.19322916666666667 0.16407766990291262
15 0.34739583333333335 0.8451456310679611 0.15729166666666666 0.3233009708737864
15 0.49921875 0.8135922330097087 0.12864583333333332 0.34563106796116505
15 0.44114583333333335 0.8344660194174757 0.13541666666666666 0.31165048543689317
15 0.5981770833333333 0.7800970873786407 0.1453125 0.30388349514563107
15 0.38671875 0.5733009708737864 0.19322916666666667 0.16407766990291262
15 0.34739583333333335 0.8451456310679611 0.15729166666666666 0.3233009708737864
