15 0.3684895833333333 0.85 0.11197916666666667 0.2902912621359223
15 0.5145833333333333 0.8038834951456311 0.16666666666666666 0.3262135922330097
15 0.3223958333333333 0.7359223300970873 0.10520833333333333 0.29708737864077667
15 0.17708333333333334 0.8718446601941747 0.06770833333333333 0.22135922330097085
15 0.46171875 0.570873786407767 0.2203125 0.18058252427184465
10 0.12369791666666667 0.8635922330097087 0.06614583333333333 0.22233009708737864
15 0.3684895833333333 0.85 0.11197916666666667 0.2902912621359223
15 0.5145833333333333 0.8038834951456311 0.16666666666666666 0.3262135922330097
15 0.3223958333333333 0.7359223300970873 0.10520833333333333 0.29708737864077667
15 0.17708333333333334 0.8718446601941747 0.06770833333333333 0.22135922330097085
15 0.46171875 0.570873786407767 0.2203125 0.18058252427184465
10 0.12369791666666667 0.8635922330097087 0.06614583333333333 0.22233009708737864
