15 0.42682291666666666 0.574757281553398 0.1484375 0.16310679611650486
15 0.42890625 0.8383495145631068 0.12864583333333332 0.3019417475728155
15 0.73828125 0.5009708737864077 0.1640625 0.1378640776699029
15 0.321875 0.7383495145631067 0.10416666666666667 0.2961165048543689
15 0.17734375 0.8737864077669902 0.0703125 0.22135922330097085
10 0.12473958333333333 0.8601941747572815 0.06822916666666666 0.21553398058252426
15 0.42682291666666666 0.574757281553398 0.1484375 0.16310679611650486
15 0.42291666666666666 0.8383495145631068 0.11666666666666667 0.3019417475728155
15 0.73828125 0.5009708737864077 0.1640625 0.1378640776699029
15 0.321875 0.7383495145631067 0.10416666666666667 0.2961165048543689
15 0.17734375 0.8737864077669902 0.0703125 0.22135922330097085
10 0.12473958333333333 0.8601941747572815 0.06822916666666666 0.21553398058252426
