15 0.4236979166666667 0.8368932038834951 0.12343749999999999 0.29708737864077667
15 0.5359375 0.833495145631068 0.128125 0.2980582524271845
15 0.32057291666666665 0.7359223300970873 0.09114583333333333 0.29320388349514565
15 0.17734375 0.8718446601941747 0.0671875 0.21553398058252426
10 0.12343749999999999 0.8606796116504855 0.06458333333333333 0.2145631067961165
15 0.4236979166666667 0.8368932038834951 0.12343749999999999 0.29708737864077667
15 0.5359375 0.833495145631068 0.128125 0.2980582524271845
15 0.32057291666666665 0.7359223300970873 0.09114583333333333 0.29320388349514565
15 0.17734375 0.8718446601941747 0.0671875 0.21553398058252426
10 0.12343749999999999 0.8606796116504855 0.06458333333333333 0.2145631067961165
