15 0.37109375 0.84126213592233 0.0734375 0.3058252427184466
15 0.48671875 0.8266990291262135 0.13385416666666666 0.3213592233009709
15 0.4276041666666667 0.8485436893203883 0.109375 0.29708737864077667
15 0.32135416666666666 0.7398058252427184 0.10208333333333333 0.29708737864077667
15 0.17708333333333334 0.8733009708737863 0.06979166666666667 0.22233009708737864
15 0.46197916666666666 0.5723300970873786 0.21875 0.18349514563106795
10 0.12369791666666667 0.8631067961165049 0.06927083333333334 0.22524271844660193
15 0.41822916666666665 0.8354368932038835 0.134375 0.3174757281553398
15 0.48671875 0.8266990291262135 0.13385416666666666 0.3213592233009709
15 0.3703125 0.85 0.059375 0.2941747572815534
15 0.32135416666666666 0.7398058252427184 0.10208333333333333 0.29708737864077667
15 0.17708333333333334 0.8733009708737863 0.06979166666666667 0.22233009708737864
15 0.46197916666666666 0.5723300970873786 0.21875 0.18349514563106795
10 0.12369791666666667 0.8631067961165049 0.06927083333333334 0.22524271844660193
