9 0.23124999999999998 0.6558252427184466 0.21770833333333334 0.1970873786407767
9 0.2265625 0.654368932038835 0.20416666666666666 0.19029126213592232
15 0.37057291666666664 0.8393203883495145 0.1203125 0.33689320388349514
15 0.7546875 0.5757281553398058 0.15 0.13398058252427184
15 0.4536458333333333 0.8354368932038835 0.146875 0.33689320388349514
15 0.5395833333333333 0.7786407766990291 0.146875 0.3572815533980582
15 0.6067708333333334 0.753883495145631 0.15625 0.35631067961165047
15 0.2557291666666667 0.8402912621359223 0.10104166666666667 0.3213592233009709
15 0.37057291666666664 0.8393203883495145 0.1203125 0.33689320388349514
15 0.7546875 0.5757281553398058 0.15 0.13398058252427184
15 0.4536458333333333 0.8354368932038835 0.146875 0.33689320388349514
15 0.5395833333333333 0.7786407766990291 0.146875 0.3572815533980582
15 0.6067708333333334 0.753883495145631 0.15625 0.35631067961165047
15 0.2557291666666667 0.8402912621359223 0.10104166666666667 0.3213592233009709
