9 0.23072916666666665 0.6553398058252426 0.17708333333333334 0.19029126213592232
9 0.23072916666666665 0.6509708737864077 0.18333333333333332 0.19902912621359223
15 0.43645833333333334 0.6203883495145631 0.22083333333333333 0.18446601941747573
15 0.46041666666666664 0.8218446601941747 0.134375 0.3252427184466019
15 0.28880208333333335 0.8708737864077669 0.16510416666666666 0.26990291262135924
15 0.5671875 0.7864077669902912 0.15416666666666667 0.35339805825242715
15 0.40234375 0.8296116504854368 0.1390625 0.3407766990291262
15 0.43645833333333334 0.6203883495145631 0.22083333333333333 0.18446601941747573
15 0.46041666666666664 0.8218446601941747 0.134375 0.3252427184466019
15 0.28880208333333335 0.8708737864077669 0.16510416666666666 0.26990291262135924
15 0.5671875 0.7864077669902912 0.15416666666666667 0.35339805825242715
15 0.40234375 0.8296116504854368 0.1390625 0.3407766990291262
