9 0.23515624999999998 0.6344660194174757 0.21614583333333334 0.17184466019417474
9 0.23098958333333333 0.6339805825242718 0.21510416666666665 0.17281553398058253
15 0.25104166666666666 0.8762135922330097 0.090625 0.25145631067961166
15 0.5723958333333333 0.47330097087378636 0.18333333333333332 0.20485436893203882
15 0.19010416666666666 0.8291262135922329 0.14895833333333333 0.26796116504854367
15 0.4861979166666667 0.8262135922330097 0.1203125 0.34951456310679613
15 0.25104166666666666 0.8762135922330097 0.090625 0.25145631067961166
15 0.5723958333333333 0.47330097087378636 0.18333333333333332 0.20485436893203882
15 0.19010416666666666 0.8291262135922329 0.14895833333333333 0.26796116504854367
15 0.5130208333333334 0.8262135922330097 0.06666666666666667 0.34951456310679613
