9 0.23229166666666667 0.6368932038834951 0.20833333333333334 0.17281553398058253
9 0.23515624999999998 0.6354368932038835 0.2140625 0.1699029126213592
15 0.25078125 0.8796116504854369 0.08072916666666667 0.24466019417475726
15 0.19166666666666665 0.8233009708737864 0.15104166666666666 0.2796116504854369
15 0.5747395833333333 0.48398058252427184 0.20364583333333333 0.1563106796116505
15 0.7427083333333333 0.5368932038834952 0.13645833333333332 0.12815533980582525
15 0.25078125 0.8796116504854369 0.08072916666666667 0.24466019417475726
15 0.19166666666666665 0.8233009708737864 0.15104166666666666 0.2796116504854369
15 0.5747395833333333 0.48398058252427184 0.20364583333333333 0.1563106796116505
15 0.7427083333333333 0.5368932038834952 0.13645833333333332 0.12815533980582525
