9 0.2328125 0.6349514563106796 0.21979166666666666 0.16504854368932037
9 0.23385416666666667 0.6368932038834951 0.21666666666666667 0.16893203883495145
15 0.25104166666666666 0.874757281553398 0.08645833333333333 0.258252427184466
15 0.5817708333333333 0.49223300970873785 0.17395833333333333 0.13592233009708737
15 0.5174479166666667 0.8072815533980582 0.10781249999999999 0.3718446601941747
15 0.19166666666666665 0.8228155339805825 0.15104166666666666 0.28252427184466017
15 0.25104166666666666 0.874757281553398 0.08645833333333333 0.258252427184466
15 0.5817708333333333 0.49223300970873785 0.17395833333333333 0.13592233009708737
15 0.5174479166666667 0.8072815533980582 0.10781249999999999 0.3718446601941747
15 0.19166666666666665 0.8228155339805825 0.15104166666666666 0.28252427184466017
