9 0.234375 0.6339805825242718 0.21666666666666667 0.16310679611650486
9 0.23385416666666667 0.6364077669902912 0.2125 0.16407766990291262
15 0.2513020833333333 0.874757281553398 0.08697916666666666 0.2563106796116505
15 0.5075520833333333 0.8097087378640776 0.12864583333333332 0.3786407766990291
15 0.5661458333333333 0.4936893203883495 0.20833333333333334 0.14466019417475728
15 0.19088541666666667 0.8223300970873786 0.15364583333333334 0.2815533980582524
15 0.2513020833333333 0.874757281553398 0.08697916666666666 0.2563106796116505
15 0.5075520833333333 0.8097087378640776 0.12864583333333332 0.3786407766990291
15 0.5661458333333333 0.4936893203883495 0.20833333333333334 0.14466019417475728
15 0.19088541666666667 0.8223300970873786 0.15364583333333334 0.2815533980582524
