15 0.37057291666666664 0.8388349514563106 0.1265625 0.3359223300970874
15 0.5559895833333334 0.7786407766990291 0.18177083333333333 0.35145631067961164
15 0.45390625 0.833495145631068 0.15677083333333333 0.3349514563106796
15 0.25494791666666666 0.8436893203883494 0.1015625 0.3145631067961165
15 0.7026041666666667 0.5946601941747572 0.20625 0.14660194174757282
15 0.37057291666666664 0.8388349514563106 0.1265625 0.3359223300970874
15 0.5559895833333334 0.7786407766990291 0.18177083333333333 0.35145631067961164
15 0.45390625 0.833495145631068 0.15677083333333333 0.3349514563106796
15 0.25494791666666666 0.8436893203883494 0.1015625 0.3145631067961165
15 0.7026041666666667 0.5946601941747572 0.20625 0.14660194174757282
