9 0.22291666666666665 0.6514563106796116 0.196875 0.20776699029126214
9 0.22291666666666665 0.6514563106796116 0.196875 0.20776699029126214
15 0.3736979166666667 0.5805825242718446 0.17864583333333334 0.17475728155339806
15 0.5596354166666666 0.7927184466019417 0.10260416666666666 0.36796116504854365
15 0.42552083333333335 0.6194174757281553 0.196875 0.1825242718446602
15 0.2921875 0.8674757281553398 0.16145833333333334 0.2728155339805825
15 0.37734375 0.8271844660194174 0.08177083333333333 0.34757281553398056
15 0.3736979166666667 0.5805825242718446 0.17864583333333334 0.17475728155339806
15 0.5578125 0.7927184466019417 0.10625 0.36796116504854365
15 0.42552083333333335 0.6194174757281553 0.196875 0.1825242718446602
15 0.2921875 0.8674757281553398 0.16145833333333334 0.2728155339805825
15 0.38203125 0.8271844660194174 0.09114583333333333 0.34757281553398056
