15 0.3875 0.5737864077669903 0.2 0.1786407766990291
15 0.43515624999999997 0.625242718446602 0.20781249999999998 0.19223300970873786
15 0.2911458333333333 0.8655339805825243 0.16145833333333334 0.2766990291262136
15 0.4609375 0.824757281553398 0.12395833333333334 0.33106796116504855
15 0.53359375 0.7999999999999999 0.12760416666666666 0.3436893203883495
15 0.40078125 0.8286407766990291 0.13802083333333334 0.34466019417475724
15 0.3875 0.5737864077669903 0.2 0.1786407766990291
15 0.43515624999999997 0.625242718446602 0.20781249999999998 0.19223300970873786
15 0.2911458333333333 0.8655339805825243 0.16145833333333334 0.2766990291262136
15 0.4609375 0.824757281553398 0.12395833333333334 0.33106796116504855
15 0.53359375 0.7999999999999999 0.12760416666666666 0.3436893203883495
15 0.40078125 0.8286407766990291 0.13802083333333334 0.34466019417475724
