15 0.3494791666666667 0.8378640776699029 0.153125 0.3553398058252427
15 0.25338541666666664 0.8737864077669902 0.0921875 0.2601941747572815
15 0.1875 0.8286407766990291 0.14583333333333334 0.2669902912621359
15 0.63203125 0.808252427184466 0.12447916666666667 0.35631067961165047
15 0.57734375 0.8135922330097087 0.13177083333333334 0.38058252427184464
15 0.3494791666666667 0.8378640776699029 0.153125 0.3553398058252427
15 0.25338541666666664 0.8737864077669902 0.0921875 0.2601941747572815
15 0.1875 0.8286407766990291 0.14583333333333334 0.2669902912621359
15 0.63203125 0.808252427184466 0.12447916666666667 0.35631067961165047
15 0.57734375 0.8135922330097087 0.13177083333333334 0.38058252427184464
