9 0.23333333333333334 0.6334951456310679 0.21666666666666667 0.16407766990291262
9 0.23333333333333334 0.6359223300970873 0.21666666666666667 0.17281553398058253
15 0.2526041666666667 0.8766990291262136 0.09375 0.2563106796116505
15 0.38958333333333334 0.8339805825242718 0.14479166666666665 0.316504854368932
15 0.5911458333333334 0.5655339805825242 0.21354166666666666 0.17378640776699028
15 0.52578125 0.820873786407767 0.11927083333333333 0.3504854368932039
15 0.2526041666666667 0.8766990291262136 0.09375 0.2563106796116505
15 0.38958333333333334 0.8339805825242718 0.14479166666666665 0.316504854368932
15 0.5911458333333334 0.5655339805825242 0.21354166666666666 0.17378640776699028
15 0.52578125 0.820873786407767 0.11927083333333333 0.3504854368932039
