15 0.6984375 0.5233009708737864 0.1125 0.1029126213592233
15 0.45416666666666666 0.833495145631068 0.08645833333333333 0.3233009708737864
15 0.5838541666666667 0.783009708737864 0.090625 0.35631067961165047
15 0.5203125 0.8213592233009709 0.078125 0.3650485436893204
15 0.19166666666666665 0.8199029126213592 0.146875 0.28058252427184466
15 0.3796875 0.8470873786407767 0.09375 0.3271844660194175
15 0.6984375 0.5233009708737864 0.1125 0.1029126213592233
15 0.46458333333333335 0.833495145631068 0.11458333333333333 0.3233009708737864
15 0.5885416666666666 0.787378640776699 0.08125 0.34757281553398056
15 0.5171875 0.8199029126213592 0.09166666666666666 0.36796116504854365
15 0.19166666666666665 0.8199029126213592 0.146875 0.28058252427184466
15 0.3809895833333333 0.8470873786407767 0.09635416666666667 0.3271844660194175
