9 0.23229166666666667 0.6296116504854369 0.21458333333333332 0.20485436893203882
15 0.24427083333333333 0.8723300970873786 0.06979166666666667 0.23009708737864076
15 0.4552083333333333 0.8286407766990291 0.13854166666666667 0.33300970873786406
15 0.5192708333333333 0.8296116504854368 0.14270833333333333 0.3349514563106796
15 0.1890625 0.8203883495145631 0.14895833333333333 0.2815533980582524
15 0.7625 0.4990291262135922 0.12916666666666665 0.170873786407767
15 0.24427083333333333 0.8723300970873786 0.06979166666666667 0.23009708737864076
15 0.4552083333333333 0.8286407766990291 0.13854166666666667 0.33300970873786406
15 0.52890625 0.8296116504854368 0.12343749999999999 0.3349514563106796
15 0.1890625 0.8203883495145631 0.14895833333333333 0.2815533980582524
