9 0.23203125 0.6339805825242718 0.21510416666666665 0.17669902912621357
9 0.23203125 0.6325242718446602 0.21510416666666665 0.1699029126213592
15 0.18567708333333333 0.8262135922330097 0.12864583333333332 0.2563106796116505
15 0.4744791666666667 0.8349514563106796 0.1375 0.3378640776699029
15 0.5768229166666666 0.7689320388349514 0.12343749999999999 0.35339805825242715
15 0.5278645833333333 0.8111650485436893 0.13072916666666667 0.35631067961165047
15 0.18567708333333333 0.8262135922330097 0.12864583333333332 0.2563106796116505
15 0.4744791666666667 0.8349514563106796 0.1375 0.3378640776699029
15 0.5768229166666666 0.7689320388349514 0.12343749999999999 0.35339805825242715
15 0.5278645833333333 0.8111650485436893 0.13072916666666667 0.35631067961165047
