9 0.23411458333333332 0.6300970873786408 0.2140625 0.18640776699029127
9 0.23411458333333332 0.6310679611650485 0.2140625 0.16310679611650486
15 0.25364583333333335 0.8737864077669902 0.08958333333333333 0.2601941747572815
15 0.29401041666666666 0.8480582524271845 0.10677083333333333 0.30970873786407765
15 0.18411458333333333 0.8291262135922329 0.15989583333333332 0.2796116504854369
15 0.6932291666666667 0.5296116504854369 0.178125 0.13106796116504854
15 0.5260416666666666 0.7601941747572816 0.16875 0.3825242718446602
15 0.25364583333333335 0.8737864077669902 0.08958333333333333 0.2601941747572815
15 0.29401041666666666 0.8480582524271845 0.10677083333333333 0.30970873786407765
15 0.18411458333333333 0.8291262135922329 0.15989583333333332 0.2796116504854369
15 0.6932291666666667 0.5296116504854369 0.178125 0.13106796116504854
15 0.5260416666666666 0.7601941747572816 0.16875 0.3825242718446602
