9 0.23541666666666666 0.6334951456310679 0.21562499999999998 0.16407766990291262
9 0.23541666666666666 0.6349514563106796 0.21562499999999998 0.16893203883495145
15 0.25390625 0.874757281553398 0.08697916666666666 0.258252427184466
15 0.3286458333333333 0.8422330097087378 0.10625 0.30970873786407765
15 0.6924479166666666 0.5266990291262136 0.1765625 0.13106796116504854
15 0.17838541666666666 0.8257281553398058 0.15364583333333334 0.2766990291262136
15 0.5263020833333333 0.7577669902912622 0.16197916666666667 0.38737864077669903
15 0.25390625 0.874757281553398 0.08697916666666666 0.258252427184466
15 0.31171875 0.8344660194174757 0.09427083333333333 0.3407766990291262
15 0.6924479166666666 0.5266990291262136 0.1765625 0.13106796116504854
15 0.17838541666666666 0.8257281553398058 0.15364583333333334 0.2766990291262136
15 0.5263020833333333 0.7577669902912622 0.16197916666666667 0.38737864077669903
