9 0.22239583333333332 0.6339805825242718 0.23541666666666666 0.20194174757281552
9 0.22239583333333332 0.6339805825242718 0.23541666666666666 0.20194174757281552
15 0.3809895833333333 0.8126213592233009 0.14010416666666667 0.3398058252427184
15 0.3190104166666667 0.8364077669902912 0.1421875 0.3466019417475728
15 0.15078125 0.8087378640776699 0.11614583333333334 0.27766990291262134
15 0.20729166666666665 0.8019417475728156 0.153125 0.2815533980582524
15 0.4552083333333333 0.8519417475728155 0.18333333333333332 0.30776699029126214
15 0.3809895833333333 0.8126213592233009 0.14010416666666667 0.3398058252427184
15 0.3190104166666667 0.8364077669902912 0.1421875 0.3466019417475728
15 0.15078125 0.8087378640776699 0.11614583333333334 0.27766990291262134
15 0.20729166666666665 0.8019417475728156 0.153125 0.2815533980582524
15 0.4552083333333333 0.8519417475728155 0.18333333333333332 0.30776699029126214
