9 0.22161458333333334 0.6378640776699029 0.24010416666666667 0.20194174757281552
9 0.22161458333333334 0.6378640776699029 0.24010416666666667 0.20194174757281552
15 0.14609375 0.8033980582524272 0.1171875 0.2786407766990291
15 0.3697916666666667 0.8199029126213592 0.15416666666666667 0.3466019417475728
15 0.20911458333333333 0.8024271844660193 0.15885416666666666 0.28058252427184466
15 0.49895833333333334 0.8281553398058252 0.16979166666666667 0.3203883495145631
15 0.14609375 0.8033980582524272 0.1171875 0.2786407766990291
15 0.3697916666666667 0.8199029126213592 0.15416666666666667 0.3466019417475728
15 0.20911458333333333 0.8024271844660193 0.15885416666666666 0.28058252427184466
15 0.49895833333333334 0.8281553398058252 0.16979166666666667 0.3203883495145631
