9 0.23411458333333332 0.6325242718446602 0.22343749999999998 0.1699029126213592
9 0.23515624999999998 0.6310679611650485 0.22552083333333334 0.16310679611650486
15 0.25364583333333335 0.8737864077669902 0.08958333333333333 0.2601941747572815
15 0.18828125 0.8252427184466019 0.16197916666666667 0.29320388349514565
15 0.29322916666666665 0.8480582524271845 0.10416666666666667 0.31165048543689317
15 0.52734375 0.7606796116504854 0.1640625 0.38737864077669903
15 0.25364583333333335 0.8737864077669902 0.08958333333333333 0.2601941747572815
15 0.18828125 0.8252427184466019 0.16197916666666667 0.29320388349514565
15 0.29322916666666665 0.8480582524271845 0.10416666666666667 0.31165048543689317
15 0.52734375 0.7606796116504854 0.1640625 0.38737864077669903
