9 0.23203125 0.6266990291262136 0.21302083333333333 0.1679611650485437
9 0.23203125 0.6325242718446602 0.21302083333333333 0.1563106796116505
15 0.6875 0.5276699029126214 0.18229166666666666 0.13300970873786408
15 0.16979166666666667 0.8281553398058252 0.14791666666666667 0.258252427184466
15 0.29583333333333334 0.8485436893203883 0.10416666666666667 0.3087378640776699
15 0.5260416666666666 0.7631067961165048 0.171875 0.3825242718446602
15 0.6875 0.5276699029126214 0.18229166666666666 0.13300970873786408
15 0.1875 0.8281553398058252 0.1125 0.258252427184466
15 0.31875 0.8407766990291262 0.09270833333333334 0.32427184466019415
15 0.5260416666666666 0.7631067961165048 0.171875 0.3825242718446602
