9 0.23385416666666667 0.6368932038834951 0.21770833333333334 0.16310679611650486
9 0.23385416666666667 0.6349514563106796 0.21770833333333334 0.1669902912621359
15 0.6934895833333333 0.5276699029126214 0.16927083333333334 0.129126213592233
15 0.25364583333333335 0.875242718446602 0.08645833333333333 0.25728155339805825
15 0.19817708333333334 0.8310679611650486 0.12760416666666666 0.27184466019417475
15 0.3171875 0.84126213592233 0.103125 0.31165048543689317
15 0.5341145833333333 0.7533980582524271 0.1578125 0.3902912621359223
15 0.6934895833333333 0.5276699029126214 0.16927083333333334 0.129126213592233
15 0.25364583333333335 0.875242718446602 0.08645833333333333 0.25728155339805825
15 0.196875 0.8310679611650486 0.13020833333333334 0.27184466019417475
15 0.31640625 0.84126213592233 0.10260416666666666 0.31165048543689317
15 0.5341145833333333 0.7533980582524271 0.1578125 0.3902912621359223
