15 0.31666666666666665 0.8441747572815533 0.10104166666666667 0.33689320388349514
15 0.21927083333333333 0.8024271844660193 0.15833333333333333 0.2786407766990291
15 0.17916666666666667 0.670873786407767 0.16666666666666666 0.12427184466019417
15 0.3794270833333333 0.8155339805825242 0.0921875 0.34951456310679613
15 0.5638020833333334 0.7398058252427184 0.1265625 0.37281553398058254
15 0.31875 0.8441747572815533 0.13958333333333334 0.33689320388349514
15 0.21927083333333333 0.8024271844660193 0.15833333333333333 0.2786407766990291
15 0.18385416666666665 0.6660194174757281 0.16041666666666665 0.13398058252427184
15 0.3828125 0.8203883495145631 0.09479166666666666 0.34951456310679613
15 0.5638020833333334 0.7398058252427184 0.1265625 0.37281553398058254
