9 0.22395833333333334 0.6383495145631067 0.23958333333333334 0.2029126213592233
9 0.22395833333333334 0.6383495145631067 0.23958333333333334 0.2029126213592233
15 0.5036458333333333 0.7344660194174757 0.16145833333333334 0.3640776699029126
15 0.38125 0.8131067961165048 0.15208333333333332 0.358252427184466
15 0.3184895833333333 0.8359223300970874 0.14739583333333334 0.34757281553398056
15 0.21536458333333333 0.8014563106796116 0.15260416666666665 0.28834951456310676
15 0.45859374999999997 0.8320388349514563 0.17864583333333334 0.3553398058252427
15 0.5036458333333333 0.7344660194174757 0.16145833333333334 0.3640776699029126
15 0.38125 0.8131067961165048 0.15208333333333332 0.358252427184466
15 0.3184895833333333 0.8359223300970874 0.14739583333333334 0.34757281553398056
15 0.21536458333333333 0.8014563106796116 0.15260416666666665 0.28834951456310676
15 0.45859374999999997 0.8320388349514563 0.17864583333333334 0.3553398058252427
