9 0.234375 0.6354368932038835 0.22083333333333333 0.16601941747572815
9 0.234375 0.6339805825242718 0.22083333333333333 0.16116504854368932
15 0.29453125 0.8485436893203883 0.1046875 0.3087378640776699
15 0.18489583333333334 0.8286407766990291 0.16458333333333333 0.28252427184466017
15 0.51796875 0.5689320388349515 0.21302083333333333 0.1553398058252427
15 0.5325520833333334 0.7728155339805824 0.15260416666666665 0.3631067961165048
15 0.30885416666666665 0.8427184466019417 0.10416666666666667 0.3087378640776699
15 0.1984375 0.8286407766990291 0.1375 0.28252427184466017
15 0.51796875 0.5689320388349515 0.21302083333333333 0.1553398058252427
15 0.5325520833333334 0.7728155339805824 0.15260416666666665 0.3631067961165048
