9 0.22291666666666665 0.6378640776699029 0.23958333333333334 0.19805825242718444
9 0.22291666666666665 0.6378640776699029 0.23958333333333334 0.19805825242718444
15 0.21354166666666666 0.7999999999999999 0.15625 0.2912621359223301
15 0.36692708333333335 0.8184466019417476 0.13697916666666665 0.3359223300970874
15 0.1484375 0.8033980582524272 0.12083333333333333 0.28058252427184466
15 0.4471354166666667 0.8359223300970874 0.1640625 0.35145631067961164
15 0.5138020833333333 0.7524271844660194 0.14010416666666667 0.3320388349514563
15 0.21354166666666666 0.7999999999999999 0.15625 0.2912621359223301
15 0.36692708333333335 0.8184466019417476 0.13697916666666665 0.3359223300970874
15 0.1484375 0.8033980582524272 0.12083333333333333 0.28058252427184466
15 0.4471354166666667 0.8359223300970874 0.1640625 0.35145631067961164
15 0.5138020833333333 0.7524271844660194 0.14010416666666667 0.3320388349514563
