15 0.17786458333333333 0.6752427184466019 0.15989583333333332 0.129126213592233
15 0.15130208333333334 0.8067961165048544 0.11510416666666666 0.2854368932038835
15 0.3658854166666667 0.8213592233009709 0.1390625 0.32815533980582523
15 0.21614583333333334 0.7966019417475728 0.15520833333333334 0.29223300970873783
15 0.46848958333333335 0.8446601941747572 0.16197916666666667 0.32233009708737864
15 0.17708333333333334 0.6771844660194174 0.15729166666666666 0.12524271844660192
15 0.15130208333333334 0.8067961165048544 0.11510416666666666 0.2854368932038835
15 0.3658854166666667 0.8213592233009709 0.1390625 0.32815533980582523
15 0.21614583333333334 0.7966019417475728 0.15520833333333334 0.29223300970873783
15 0.46848958333333335 0.8446601941747572 0.16197916666666667 0.32233009708737864
