9 0.23177083333333334 0.6325242718446602 0.22291666666666665 0.1679611650485437
9 0.23463541666666665 0.6325242718446602 0.2171875 0.16213592233009708
15 0.25416666666666665 0.8737864077669902 0.090625 0.2601941747572815
15 0.19895833333333332 0.8184466019417476 0.14166666666666666 0.29902912621359223
15 0.32109375 0.8475728155339806 0.08072916666666667 0.312621359223301
15 0.53046875 0.7606796116504854 0.15989583333333332 0.38349514563106796
15 0.25416666666666665 0.8737864077669902 0.090625 0.2601941747572815
15 0.18671875 0.8305825242718446 0.16614583333333333 0.27475728155339807
15 0.2908854166666667 0.8490291262135922 0.10677083333333333 0.30970873786407765
15 0.53046875 0.7606796116504854 0.15989583333333332 0.38349514563106796
