9 0.2328125 0.637378640776699 0.21770833333333334 0.1699029126213592
9 0.2328125 0.6315533980582524 0.21770833333333334 0.1679611650485437
15 0.25338541666666664 0.874757281553398 0.08802083333333333 0.258252427184466
15 0.4356770833333333 0.8266990291262135 0.0796875 0.31165048543689317
15 0.29244791666666664 0.8480582524271845 0.10364583333333333 0.31359223300970873
15 0.1921875 0.8266990291262135 0.16666666666666666 0.28640776699029125
15 0.25338541666666664 0.874757281553398 0.08802083333333333 0.258252427184466
15 0.4356770833333333 0.8266990291262135 0.0796875 0.31165048543689317
15 0.29244791666666664 0.8480582524271845 0.10364583333333333 0.31359223300970873
15 0.1921875 0.8266990291262135 0.16666666666666666 0.28640776699029125
