9 0.22578125 0.6398058252427185 0.23177083333333334 0.2174757281553398
9 0.22578125 0.6398058252427185 0.23177083333333334 0.2174757281553398
15 0.14635416666666667 0.8048543689320388 0.11458333333333333 0.2815533980582524
15 0.21770833333333334 0.7980582524271844 0.16145833333333334 0.287378640776699
15 0.3716145833333333 0.8223300970873786 0.15677083333333333 0.34563106796116505
15 0.4395833333333333 0.8276699029126213 0.15104166666666666 0.33689320388349514
15 0.14635416666666667 0.8048543689320388 0.11458333333333333 0.2815533980582524
15 0.21770833333333334 0.7980582524271844 0.16145833333333334 0.287378640776699
15 0.3716145833333333 0.8223300970873786 0.15677083333333333 0.34563106796116505
15 0.4395833333333333 0.8276699029126213 0.15104166666666666 0.33689320388349514
