9 0.22291666666666665 0.6339805825242718 0.2375 0.20194174757281552
9 0.22291666666666665 0.6339805825242718 0.2375 0.20194174757281552
15 0.14895833333333333 0.8038834951456311 0.11666666666666667 0.2815533980582524
15 0.21744791666666666 0.799514563106796 0.1578125 0.28446601941747574
15 0.37838541666666664 0.8116504854368932 0.1421875 0.3398058252427184
15 0.31979166666666664 0.8383495145631068 0.14479166666666665 0.34466019417475724
15 0.45208333333333334 0.8325242718446602 0.16041666666666665 0.34271844660194173
15 0.14895833333333333 0.8038834951456311 0.11666666666666667 0.2815533980582524
15 0.21744791666666666 0.799514563106796 0.1578125 0.28446601941747574
15 0.37838541666666664 0.8116504854368932 0.1421875 0.3398058252427184
15 0.31979166666666664 0.8383495145631068 0.14479166666666665 0.34466019417475724
15 0.45208333333333334 0.8325242718446602 0.16041666666666665 0.34271844660194173
