9 0.22447916666666667 0.6334951456310679 0.225 0.18349514563106795
9 0.22447916666666667 0.6334951456310679 0.225 0.18349514563106795
15 0.328125 0.8446601941747572 0.12083333333333333 0.31844660194174756
15 0.39765625 0.8199029126213592 0.15052083333333333 0.3485436893203883
15 0.8557291666666667 0.47961165048543686 0.125 0.12233009708737863
15 0.17317708333333334 0.8325242718446602 0.1421875 0.25922330097087376
15 0.4817708333333333 0.8155339805825242 0.16145833333333334 0.3572815533980582
15 0.5825520833333333 0.7553398058252427 0.11614583333333334 0.3592233009708738
15 0.328125 0.8446601941747572 0.12083333333333333 0.31844660194174756
15 0.39765625 0.8199029126213592 0.15052083333333333 0.3485436893203883
15 0.8557291666666667 0.47961165048543686 0.125 0.12233009708737863
15 0.17317708333333334 0.8325242718446602 0.1421875 0.25922330097087376
15 0.4817708333333333 0.8155339805825242 0.16145833333333334 0.3572815533980582
15 0.5825520833333333 0.7553398058252427 0.11614583333333334 0.3592233009708738
