9 0.20572916666666666 0.6121359223300971 0.17291666666666666 0.13106796116504854
9 0.20572916666666666 0.6121359223300971 0.17291666666666666 0.13106796116504854
15 0.18151041666666667 0.6786407766990291 0.1796875 0.19611650485436893
15 0.18255208333333334 0.8242718446601941 0.1546875 0.26990291262135924
15 0.5825520833333333 0.7436893203883495 0.11510416666666666 0.37669902912621356
15 0.4817708333333333 0.8135922330097087 0.14791666666666667 0.37281553398058254
15 0.18151041666666667 0.6786407766990291 0.1796875 0.19611650485436893
15 0.18255208333333334 0.8242718446601941 0.1546875 0.26990291262135924
15 0.5825520833333333 0.7436893203883495 0.11510416666666666 0.37669902912621356
15 0.4817708333333333 0.8135922330097087 0.14791666666666667 0.37281553398058254
