9 0.22760416666666666 0.6349514563106796 0.221875 0.1786407766990291
9 0.22760416666666666 0.6349514563106796 0.221875 0.1786407766990291
15 0.3268229166666667 0.8451456310679611 0.11614583333333334 0.3174757281553398
15 0.39817708333333335 0.8276699029126213 0.13802083333333334 0.3349514563106796
15 0.17317708333333334 0.8315533980582523 0.14322916666666666 0.25728155339805825
15 0.48151041666666666 0.8126213592233009 0.1640625 0.3669902912621359
15 0.7549479166666666 0.49854368932038834 0.18385416666666665 0.129126213592233
15 0.3268229166666667 0.8451456310679611 0.11614583333333334 0.3174757281553398
15 0.39817708333333335 0.8276699029126213 0.13802083333333334 0.3349514563106796
15 0.17317708333333334 0.8315533980582523 0.14322916666666666 0.25728155339805825
15 0.48151041666666666 0.8126213592233009 0.1640625 0.3669902912621359
15 0.7549479166666666 0.49854368932038834 0.18385416666666665 0.129126213592233
