9 0.22708333333333333 0.6334951456310679 0.221875 0.18349514563106795
9 0.22708333333333333 0.6334951456310679 0.221875 0.18349514563106795
15 0.3953125 0.8252427184466019 0.13541666666666666 0.3436893203883495
15 0.17239583333333333 0.8325242718446602 0.14166666666666666 0.2553398058252427
15 0.58203125 0.7529126213592233 0.11927083333333333 0.36796116504854365
15 0.48125 0.8116504854368932 0.153125 0.37281553398058254
15 0.3953125 0.8252427184466019 0.13541666666666666 0.3436893203883495
15 0.17239583333333333 0.8325242718446602 0.14166666666666666 0.2553398058252427
15 0.58203125 0.7529126213592233 0.11927083333333333 0.36796116504854365
15 0.48125 0.8116504854368932 0.153125 0.37281553398058254
