15 0.2544270833333333 0.874757281553398 0.09739583333333333 0.2524271844660194
15 0.44427083333333334 0.8359223300970874 0.12916666666666665 0.32815533980582523
15 0.19244791666666666 0.8213592233009709 0.1515625 0.28932038834951457
15 0.6325520833333333 0.7043689320388349 0.09635416666666667 0.2941747572815534
15 0.5052083333333334 0.8252427184466019 0.14166666666666666 0.3553398058252427
15 0.2544270833333333 0.874757281553398 0.09739583333333333 0.2524271844660194
15 0.44427083333333334 0.8359223300970874 0.12916666666666665 0.32815533980582523
15 0.19244791666666666 0.8213592233009709 0.1515625 0.28932038834951457
15 0.6325520833333333 0.7043689320388349 0.09635416666666667 0.2941747572815534
15 0.5052083333333334 0.8252427184466019 0.14166666666666666 0.3553398058252427
