9 0.20598958333333334 0.6140776699029126 0.1828125 0.13883495145631067
9 0.20546875 0.6092233009708737 0.1828125 0.13883495145631067
15 0.17890625 0.6941747572815534 0.1765625 0.20776699029126214
15 0.5828125 0.7524271844660194 0.128125 0.3611650485436893
15 0.178125 0.8271844660194174 0.14791666666666667 0.26796116504854367
15 0.48541666666666666 0.8218446601941747 0.15625 0.3699029126213592
15 0.17473958333333334 0.6684466019417475 0.1765625 0.11553398058252427
15 0.5828125 0.7524271844660194 0.128125 0.3611650485436893
15 0.14739583333333334 0.8271844660194174 0.08645833333333333 0.26796116504854367
15 0.4966145833333333 0.8218446601941747 0.13385416666666666 0.3699029126213592
