9 0.22760416666666666 0.6320388349514563 0.22083333333333333 0.18058252427184465
9 0.22760416666666666 0.6320388349514563 0.22083333333333333 0.18058252427184465
15 0.7072916666666667 0.5504854368932038 0.2 0.14174757281553396
15 0.325 0.8436893203883494 0.11875 0.3203883495145631
15 0.38359375 0.8364077669902912 0.13177083333333334 0.3271844660194175
15 0.165625 0.8281553398058252 0.140625 0.26796116504854367
15 0.7072916666666667 0.5504854368932038 0.2 0.14174757281553396
15 0.325 0.8436893203883494 0.11875 0.3203883495145631
15 0.38359375 0.8364077669902912 0.13177083333333334 0.3271844660194175
15 0.165625 0.8281553398058252 0.140625 0.26796116504854367
