9 0.22552083333333334 0.633009708737864 0.225 0.18640776699029127
9 0.22552083333333334 0.633009708737864 0.225 0.18640776699029127
15 0.3731770833333333 0.8315533980582523 0.1359375 0.3485436893203883
15 0.5825520833333333 0.7558252427184465 0.11822916666666666 0.358252427184466
15 0.17447916666666666 0.8339805825242718 0.14166666666666666 0.2621359223300971
15 0.4796875 0.8101941747572815 0.16354166666666667 0.37766990291262137
15 0.3731770833333333 0.8315533980582523 0.1359375 0.3485436893203883
15 0.5825520833333333 0.7558252427184465 0.11822916666666666 0.358252427184466
15 0.17447916666666666 0.8339805825242718 0.14166666666666666 0.2621359223300971
15 0.4796875 0.8101941747572815 0.16354166666666667 0.37766990291262137
