9 0.22473958333333333 0.6320388349514563 0.22447916666666667 0.18446601941747573
9 0.22473958333333333 0.6320388349514563 0.22447916666666667 0.18446601941747573
15 0.3286458333333333 0.8432038834951456 0.11562499999999999 0.3252427184466019
15 0.7541666666666667 0.4970873786407767 0.18229166666666666 0.12427184466019417
15 0.3984375 0.8194174757281553 0.14895833333333333 0.35145631067961164
15 0.1625 0.8242718446601941 0.14375 0.26990291262135924
15 0.4825520833333333 0.816504854368932 0.14947916666666666 0.3611650485436893
15 0.5802083333333333 0.7519417475728155 0.11875 0.35631067961165047
15 0.3286458333333333 0.8432038834951456 0.11562499999999999 0.3252427184466019
15 0.7541666666666667 0.4970873786407767 0.18229166666666666 0.12427184466019417
15 0.3984375 0.8194174757281553 0.14895833333333333 0.35145631067961164
15 0.1625 0.8242718446601941 0.14375 0.26990291262135924
15 0.4825520833333333 0.816504854368932 0.14947916666666666 0.3611650485436893
15 0.5802083333333333 0.7519417475728155 0.11875 0.35631067961165047
