9 0.22786458333333334 0.6339805825242718 0.2265625 0.18058252427184465
9 0.22786458333333334 0.6339805825242718 0.2265625 0.18058252427184465
15 0.5854166666666667 0.8169902912621358 0.08125 0.22233009708737864
15 0.3645833333333333 0.8398058252427184 0.12708333333333333 0.3359223300970874
15 0.1734375 0.8330097087378641 0.140625 0.258252427184466
15 0.48671875 0.8213592233009709 0.1390625 0.35339805825242715
15 0.425 0.8300970873786407 0.13854166666666667 0.34951456310679613
15 0.7557291666666667 0.49029126213592233 0.18229166666666666 0.16504854368932037
15 0.5854166666666667 0.8169902912621358 0.08125 0.22233009708737864
15 0.3645833333333333 0.8398058252427184 0.12708333333333333 0.3359223300970874
15 0.1734375 0.8330097087378641 0.140625 0.258252427184466
15 0.48671875 0.8213592233009709 0.1390625 0.35339805825242715
15 0.425 0.8300970873786407 0.13854166666666667 0.34951456310679613
15 0.7557291666666667 0.49029126213592233 0.18229166666666666 0.16504854368932037
