9 0.22552083333333334 0.6359223300970873 0.22708333333333333 0.1825242718446602
9 0.22552083333333334 0.6359223300970873 0.22708333333333333 0.1825242718446602
15 0.39479166666666665 0.824757281553398 0.13854166666666667 0.34466019417475724
15 0.1734375 0.8320388349514563 0.14166666666666666 0.2563106796116505
15 0.5830729166666666 0.7543689320388349 0.1203125 0.3650485436893204
15 0.48125 0.8199029126213592 0.153125 0.358252427184466
15 0.39479166666666665 0.824757281553398 0.13854166666666667 0.34466019417475724
15 0.1734375 0.8320388349514563 0.14166666666666666 0.2563106796116505
15 0.5830729166666666 0.7543689320388349 0.1203125 0.3650485436893204
15 0.48125 0.8199029126213592 0.153125 0.358252427184466
