9 0.22343749999999998 0.6368932038834951 0.23958333333333334 0.20970873786407765
9 0.22343749999999998 0.6368932038834951 0.23958333333333334 0.20970873786407765
15 0.21666666666666667 0.7975728155339805 0.16875 0.3
15 0.31588541666666664 0.8407766990291262 0.1390625 0.3320388349514563
15 0.5713541666666666 0.7339805825242718 0.128125 0.3650485436893204
15 0.3768229166666667 0.8266990291262135 0.1484375 0.3466019417475728
15 0.21666666666666667 0.7975728155339805 0.16875 0.3
15 0.31588541666666664 0.8407766990291262 0.1390625 0.3320388349514563
15 0.5713541666666666 0.7339805825242718 0.128125 0.3650485436893204
15 0.3768229166666667 0.8266990291262135 0.1484375 0.3466019417475728
