9 0.22317708333333333 0.6339805825242718 0.2359375 0.19611650485436893
15 0.18255208333333334 0.6616504854368932 0.1546875 0.1407766990291262
15 0.2140625 0.8029126213592233 0.14583333333333334 0.287378640776699
15 0.56953125 0.7368932038834951 0.13177083333333334 0.35339805825242715
15 0.3111979166666667 0.8330097087378641 0.08489583333333334 0.32815533980582523
15 0.37734375 0.8145631067961164 0.0984375 0.3650485436893204
15 0.2140625 0.8029126213592233 0.14583333333333334 0.287378640776699
15 0.56953125 0.7368932038834951 0.13177083333333334 0.35339805825242715
15 0.31588541666666664 0.8388349514563106 0.1390625 0.3359223300970874
15 0.3776041666666667 0.8252427184466019 0.15104166666666666 0.3572815533980582
