9 0.2265625 0.6310679611650485 0.22291666666666665 0.18446601941747573
9 0.2265625 0.6310679611650485 0.22291666666666665 0.18446601941747573
15 0.32708333333333334 0.8441747572815533 0.11562499999999999 0.3213592233009709
15 0.58046875 0.7567961165048543 0.1140625 0.358252427184466
15 0.39557291666666666 0.8300970873786407 0.13385416666666666 0.3320388349514563
15 0.17213541666666665 0.8320388349514563 0.14114583333333333 0.2621359223300971
15 0.4783854166666667 0.8203883495145631 0.1515625 0.3572815533980582
15 0.32708333333333334 0.8441747572815533 0.11562499999999999 0.3213592233009709
15 0.58046875 0.7567961165048543 0.1140625 0.358252427184466
15 0.39557291666666666 0.8300970873786407 0.13385416666666666 0.3320388349514563
15 0.17213541666666665 0.8320388349514563 0.14114583333333333 0.2621359223300971
15 0.4783854166666667 0.8203883495145631 0.1515625 0.3572815533980582
