9 0.22343749999999998 0.6325242718446602 0.209375 0.1815533980582524
9 0.22343749999999998 0.6325242718446602 0.209375 0.1815533980582524
15 0.38229166666666664 0.8320388349514563 0.1375 0.3339805825242718
15 0.32916666666666666 0.8432038834951456 0.12083333333333333 0.3233009708737864
15 0.4005208333333333 0.6257281553398057 0.24166666666666667 0.16019417475728154
15 0.16536458333333334 0.8276699029126213 0.14010416666666667 0.2650485436893204
15 0.38229166666666664 0.8320388349514563 0.1375 0.3339805825242718
15 0.32916666666666666 0.8432038834951456 0.12083333333333333 0.3233009708737864
15 0.4005208333333333 0.6257281553398057 0.24166666666666667 0.16019417475728154
15 0.16536458333333334 0.8276699029126213 0.14010416666666667 0.2650485436893204
