9 0.22682291666666665 0.629126213592233 0.2203125 0.17281553398058253
9 0.22682291666666665 0.629126213592233 0.2203125 0.17281553398058253
15 0.39348958333333334 0.8257281553398058 0.13697916666666665 0.3466019417475728
15 0.7942708333333334 0.5087378640776699 0.16666666666666666 0.09514563106796116
15 0.5817708333333333 0.7543689320388349 0.11666666666666667 0.3650485436893204
15 0.17265625 0.8339805825242718 0.1421875 0.2563106796116505
15 0.47421874999999997 0.816504854368932 0.1671875 0.37669902912621356
15 0.39348958333333334 0.8257281553398058 0.13697916666666665 0.3466019417475728
15 0.7942708333333334 0.5087378640776699 0.16666666666666666 0.09514563106796116
15 0.5817708333333333 0.7543689320388349 0.11666666666666667 0.3650485436893204
15 0.17265625 0.8339805825242718 0.1421875 0.2563106796116505
15 0.47421874999999997 0.816504854368932 0.1671875 0.37669902912621356
