9 0.22916666666666666 0.6296116504854369 0.2125 0.19902912621359223
9 0.22916666666666666 0.6296116504854369 0.2125 0.19902912621359223
15 0.18020833333333333 0.8364077669902912 0.15 0.24563106796116504
15 0.42161458333333335 0.8533980582524271 0.12760416666666666 0.2912621359223301
15 0.559375 0.8087378640776699 0.15 0.3786407766990291
15 0.6283854166666667 0.8111650485436893 0.1296875 0.3718446601941747
15 0.18020833333333333 0.8364077669902912 0.15 0.24563106796116504
15 0.42161458333333335 0.8533980582524271 0.12760416666666666 0.2912621359223301
15 0.559375 0.8087378640776699 0.15 0.3786407766990291
15 0.6283854166666667 0.8111650485436893 0.1296875 0.3718446601941747
