9 0.23307291666666666 0.6300970873786408 0.21927083333333333 0.16504854368932037
9 0.23307291666666666 0.6339805825242718 0.21927083333333333 0.16310679611650486
15 0.253125 0.874757281553398 0.0875 0.2563106796116505
15 0.690625 0.529126213592233 0.17395833333333333 0.1320388349514563
15 0.29244791666666664 0.8490291262135922 0.10260416666666666 0.31165048543689317
15 0.19114583333333332 0.8194174757281553 0.16875 0.29708737864077667
15 0.53515625 0.7650485436893204 0.16302083333333334 0.3650485436893204
15 0.253125 0.874757281553398 0.0875 0.2563106796116505
15 0.690625 0.529126213592233 0.17395833333333333 0.1320388349514563
15 0.29244791666666664 0.8490291262135922 0.10260416666666666 0.31165048543689317
15 0.19114583333333332 0.8194174757281553 0.16875 0.29708737864077667
15 0.53515625 0.7650485436893204 0.16302083333333334 0.3650485436893204
