9 0.22526041666666666 0.6359223300970873 0.21510416666666665 0.16893203883495145
9 0.22526041666666666 0.6359223300970873 0.21510416666666665 0.16893203883495145
15 0.29583333333333334 0.8490291262135922 0.11041666666666666 0.30970873786407765
15 0.18463541666666666 0.8315533980582523 0.15989583333333332 0.27475728155339807
15 0.5184895833333333 0.5679611650485437 0.2140625 0.14563106796116504
15 0.5372395833333333 0.7728155339805824 0.14947916666666666 0.34563106796116505
15 0.29583333333333334 0.8490291262135922 0.11041666666666666 0.30970873786407765
15 0.18463541666666666 0.8315533980582523 0.15989583333333332 0.27475728155339807
15 0.5184895833333333 0.5679611650485437 0.2140625 0.14563106796116504
15 0.5372395833333333 0.7728155339805824 0.14947916666666666 0.34563106796116505
