9 0.23463541666666665 0.6393203883495145 0.21614583333333334 0.17184466019417474
9 0.23463541666666665 0.6359223300970873 0.21614583333333334 0.15922330097087378
15 0.25338541666666664 0.875242718446602 0.0921875 0.2611650485436893
15 0.18984375 0.8300970873786407 0.1671875 0.287378640776699
15 0.29401041666666666 0.8480582524271845 0.10572916666666667 0.31165048543689317
15 0.5317708333333333 0.758252427184466 0.15729166666666666 0.3825242718446602
15 0.25338541666666664 0.875242718446602 0.0921875 0.2611650485436893
15 0.18984375 0.8300970873786407 0.1671875 0.287378640776699
15 0.29401041666666666 0.8480582524271845 0.10572916666666667 0.31165048543689317
15 0.5317708333333333 0.758252427184466 0.15729166666666666 0.3825242718446602
