9 0.23411458333333332 0.6344660194174757 0.21510416666666665 0.16601941747572815
9 0.23411458333333332 0.6325242718446602 0.21510416666666665 0.1699029126213592
15 0.253125 0.8742718446601941 0.0875 0.25922330097087376
15 0.1859375 0.833495145631068 0.159375 0.2766990291262136
15 0.69296875 0.5257281553398058 0.15989583333333332 0.13689320388349513
15 0.29270833333333335 0.8490291262135922 0.10208333333333333 0.30970873786407765
15 0.525 0.7606796116504854 0.16979166666666667 0.3815533980582524
15 0.253125 0.8742718446601941 0.0875 0.25922330097087376
15 0.1859375 0.833495145631068 0.159375 0.2766990291262136
15 0.69296875 0.5257281553398058 0.15989583333333332 0.13689320388349513
15 0.29270833333333335 0.8490291262135922 0.10208333333333333 0.30970873786407765
15 0.525 0.7606796116504854 0.16979166666666667 0.3815533980582524
