9 0.2328125 0.6359223300970873 0.21458333333333332 0.16310679611650486
9 0.2328125 0.6344660194174757 0.21458333333333332 0.16601941747572815
15 0.67421875 0.5334951456310679 0.14010416666666667 0.12524271844660192
15 0.5315104166666667 0.7519417475728155 0.1734375 0.39514563106796113
15 0.29322916666666665 0.8485436893203883 0.10416666666666667 0.3106796116504854
15 0.18359375 0.8281553398058252 0.15677083333333333 0.26601941747572816
15 0.67421875 0.5334951456310679 0.14010416666666667 0.12524271844660192
15 0.5315104166666667 0.7519417475728155 0.1734375 0.39514563106796113
15 0.29322916666666665 0.8485436893203883 0.10416666666666667 0.3106796116504854
15 0.18359375 0.8281553398058252 0.15677083333333333 0.26601941747572816
