9 0.23255208333333333 0.6334951456310679 0.2140625 0.16601941747572815
9 0.23255208333333333 0.6354368932038835 0.2140625 0.16213592233009708
15 0.25338541666666664 0.8737864077669902 0.08697916666666666 0.2601941747572815
15 0.1859375 0.8310679611650486 0.1625 0.27766990291262134
15 0.290625 0.85 0.10104166666666667 0.30776699029126214
15 0.53046875 0.7495145631067961 0.18802083333333333 0.39223300970873787
15 0.25338541666666664 0.8737864077669902 0.08697916666666666 0.2601941747572815
15 0.1859375 0.8310679611650486 0.1625 0.27766990291262134
15 0.290625 0.85 0.10104166666666667 0.30776699029126214
15 0.53046875 0.7495145631067961 0.18802083333333333 0.39223300970873787
