9 0.23203125 0.6354368932038835 0.2140625 0.1679611650485437
9 0.23203125 0.6325242718446602 0.2140625 0.16407766990291262
0 0.78125 0.4932038834951456 0.1125 0.07766990291262135
15 0.25286458333333334 0.8737864077669902 0.08697916666666666 0.2563106796116505
15 0.28854166666666664 0.85 0.109375 0.30970873786407765
15 0.18515625 0.8262135922330097 0.15989583333333332 0.2757281553398058
15 0.5638020833333334 0.7898058252427184 0.1109375 0.30776699029126214
15 0.78125 0.4932038834951456 0.1125 0.07766990291262135
15 0.25286458333333334 0.8737864077669902 0.08697916666666666 0.2563106796116505
15 0.28854166666666664 0.85 0.109375 0.30970873786407765
15 0.18515625 0.8262135922330097 0.15989583333333332 0.2757281553398058
15 0.5638020833333334 0.7898058252427184 0.1109375 0.30776699029126214
