9 0.23411458333333332 0.6354368932038835 0.22343749999999998 0.16601941747572815
9 0.23151041666666666 0.6305825242718446 0.21822916666666667 0.1679611650485437
15 0.32369791666666664 0.8422330097087378 0.10885416666666667 0.30970873786407765
15 0.5393229166666667 0.7776699029126213 0.1421875 0.3553398058252427
15 0.18359375 0.8315533980582523 0.16197916666666667 0.2786407766990291
15 0.51796875 0.566504854368932 0.21822916666666667 0.14271844660194175
15 0.31640625 0.8422330097087378 0.10885416666666667 0.30970873786407765
15 0.5393229166666667 0.7776699029126213 0.1421875 0.3553398058252427
15 0.18359375 0.8315533980582523 0.16197916666666667 0.2786407766990291
15 0.51796875 0.566504854368932 0.21822916666666667 0.14271844660194175
