9 0.23411458333333332 0.6339805825242718 0.21510416666666665 0.1669902912621359
9 0.23411458333333332 0.6368932038834951 0.21510416666666665 0.16504854368932037
15 0.7489583333333333 0.4825242718446602 0.17083333333333334 0.11844660194174757
15 0.25338541666666664 0.875242718446602 0.09114583333333333 0.25922330097087376
15 0.29244791666666664 0.8495145631067961 0.10572916666666667 0.3087378640776699
15 0.19192708333333333 0.8276699029126213 0.16510416666666666 0.28640776699029125
15 0.5309895833333333 0.758252427184466 0.1609375 0.3825242718446602
15 0.7489583333333333 0.4825242718446602 0.17083333333333334 0.11844660194174757
15 0.25338541666666664 0.875242718446602 0.09114583333333333 0.25922330097087376
15 0.29244791666666664 0.8495145631067961 0.10572916666666667 0.3087378640776699
15 0.19192708333333333 0.8276699029126213 0.16510416666666666 0.28640776699029125
15 0.5309895833333333 0.758252427184466 0.1609375 0.3825242718446602
