9 0.23645833333333333 0.6402912621359224 0.22291666666666665 0.17572815533980582
9 0.23645833333333333 0.6325242718446602 0.22291666666666665 0.17184466019417474
15 0.6940104166666666 0.5300970873786408 0.1734375 0.13980582524271845
15 0.29296875 0.8485436893203883 0.10989583333333333 0.3106796116504854
15 0.19036458333333334 0.8228155339805825 0.16822916666666665 0.2980582524271845
15 0.5364583333333334 0.75 0.16979166666666667 0.3757281553398058
15 0.6940104166666666 0.5300970873786408 0.1734375 0.13980582524271845
15 0.29296875 0.8485436893203883 0.10989583333333333 0.3106796116504854
15 0.19036458333333334 0.8228155339805825 0.16822916666666665 0.2980582524271845
15 0.5364583333333334 0.75 0.16979166666666667 0.3757281553398058
