9 0.23463541666666665 0.6383495145631067 0.2171875 0.1699029126213592
9 0.23463541666666665 0.6349514563106796 0.2171875 0.17669902912621357
15 0.25286458333333334 0.8737864077669902 0.0921875 0.2601941747572815
15 0.18802083333333333 0.8310679611650486 0.165625 0.287378640776699
15 0.2950520833333333 0.8475728155339806 0.10572916666666667 0.312621359223301
15 0.5268229166666667 0.7616504854368932 0.1640625 0.3796116504854369
15 0.25286458333333334 0.8737864077669902 0.0921875 0.2601941747572815
15 0.18802083333333333 0.8310679611650486 0.165625 0.287378640776699
15 0.2950520833333333 0.8475728155339806 0.10572916666666667 0.312621359223301
15 0.5268229166666667 0.7616504854368932 0.1640625 0.3796116504854369
