9 0.22291666666666665 0.6349514563106796 0.23541666666666666 0.20194174757281552
9 0.22291666666666665 0.6349514563106796 0.23541666666666666 0.20194174757281552
15 0.15052083333333333 0.8029126213592233 0.11666666666666667 0.2854368932038835
15 0.21744791666666666 0.7961165048543689 0.1546875 0.2834951456310679
15 0.36666666666666664 0.8135922330097087 0.13958333333333334 0.32815533980582523
15 0.43984375 0.8436893203883494 0.1484375 0.31844660194174756
15 0.15052083333333333 0.8029126213592233 0.11666666666666667 0.2854368932038835
15 0.21744791666666666 0.7961165048543689 0.1546875 0.2834951456310679
15 0.36666666666666664 0.8135922330097087 0.13958333333333334 0.32815533980582523
15 0.43984375 0.8436893203883494 0.1484375 0.31844660194174756
