9 0.22395833333333334 0.6359223300970873 0.23333333333333334 0.20194174757281552
9 0.22395833333333334 0.6359223300970873 0.23333333333333334 0.20194174757281552
15 0.42890625 0.8286407766990291 0.1828125 0.36601941747572814
15 0.21614583333333334 0.7970873786407766 0.15833333333333333 0.28932038834951457
15 0.31875 0.8368932038834951 0.14375 0.34757281553398056
15 0.5002604166666667 0.8252427184466019 0.1796875 0.316504854368932
15 0.42890625 0.8286407766990291 0.1828125 0.36601941747572814
15 0.21614583333333334 0.7970873786407766 0.15833333333333333 0.28932038834951457
15 0.31875 0.8368932038834951 0.14375 0.34757281553398056
15 0.5002604166666667 0.8252427184466019 0.1796875 0.316504854368932
