9 0.221875 0.6349514563106796 0.23854166666666665 0.19611650485436893
9 0.221875 0.6349514563106796 0.23854166666666665 0.19611650485436893
15 0.37890625 0.8077669902912621 0.14635416666666667 0.3436893203883495
15 0.20703125 0.8014563106796116 0.15364583333333334 0.28834951456310676
15 0.3190104166666667 0.8388349514563106 0.14114583333333333 0.3436893203883495
15 0.49505208333333334 0.8310679611650486 0.18072916666666666 0.3262135922330097
15 0.37890625 0.8077669902912621 0.14635416666666667 0.3436893203883495
15 0.20703125 0.8014563106796116 0.15364583333333334 0.28834951456310676
15 0.3190104166666667 0.8388349514563106 0.14114583333333333 0.3436893203883495
15 0.49505208333333334 0.8310679611650486 0.18072916666666666 0.3262135922330097
