9 0.22395833333333334 0.6364077669902912 0.23645833333333333 0.1970873786407767
9 0.22395833333333334 0.6364077669902912 0.23645833333333333 0.1970873786407767
15 0.21484375 0.8024271844660193 0.1484375 0.28058252427184466
15 0.3755208333333333 0.8097087378640776 0.13229166666666667 0.341747572815534
15 0.3190104166666667 0.837378640776699 0.14114583333333333 0.3407766990291262
15 0.5630208333333333 0.7417475728155339 0.12708333333333333 0.3844660194174757
15 0.21484375 0.8024271844660193 0.1484375 0.28058252427184466
15 0.3755208333333333 0.8097087378640776 0.13229166666666667 0.341747572815534
15 0.3190104166666667 0.837378640776699 0.14114583333333333 0.3407766990291262
15 0.5630208333333333 0.7417475728155339 0.12708333333333333 0.3844660194174757
