9 0.22239583333333332 0.6368932038834951 0.23541666666666666 0.20194174757281552
9 0.22239583333333332 0.6368932038834951 0.23541666666666666 0.20194174757281552
15 0.21484375 0.8033980582524272 0.15260416666666665 0.28058252427184466
15 0.37578125 0.8184466019417476 0.14322916666666666 0.34951456310679613
15 0.3184895833333333 0.8378640776699029 0.14427083333333332 0.3436893203883495
15 0.5692708333333333 0.74126213592233 0.1125 0.37766990291262137
15 0.21484375 0.8033980582524272 0.15260416666666665 0.28058252427184466
15 0.37578125 0.8184466019417476 0.14322916666666666 0.34951456310679613
15 0.3184895833333333 0.8378640776699029 0.14427083333333332 0.3436893203883495
15 0.5692708333333333 0.74126213592233 0.1125 0.37766990291262137
