9 0.22682291666666665 0.6349514563106796 0.21510416666666665 0.1669902912621359
9 0.22942708333333334 0.6368932038834951 0.20989583333333334 0.170873786407767
15 0.49453125 0.9228155339805825 0.06614583333333333 0.16019417475728154
15 0.2520833333333333 0.8766990291262136 0.08333333333333333 0.2524271844660194
15 0.17317708333333334 0.8223300970873786 0.16197916666666667 0.2796116504854369
15 0.53359375 0.7543689320388349 0.17864583333333334 0.3864077669902912
15 0.49453125 0.9228155339805825 0.06614583333333333 0.16019417475728154
0 0.2520833333333333 0.8766990291262136 0.08333333333333333 0.2524271844660194
15 0.17317708333333334 0.8223300970873786 0.16197916666666667 0.2796116504854369
15 0.53359375 0.7543689320388349 0.17864583333333334 0.3864077669902912
