9 0.19505208333333332 0.6320388349514563 0.1796875 0.1436893203883495
9 0.19505208333333332 0.6320388349514563 0.1796875 0.1436893203883495
15 0.17057291666666666 0.7019417475728155 0.17135416666666667 0.229126213592233
15 0.18359375 0.8354368932038835 0.14114583333333333 0.27475728155339807
15 0.25 0.8800970873786408 0.07916666666666666 0.23980582524271843
15 0.49609375 0.7888349514563107 0.17760416666666667 0.3757281553398058
15 0.17135416666666667 0.6631067961165048 0.17291666666666666 0.12233009708737863
15 0.18359375 0.8354368932038835 0.14114583333333333 0.27475728155339807
15 0.25494791666666666 0.8771844660194175 0.07864583333333333 0.23980582524271843
15 0.49609375 0.7888349514563107 0.17760416666666667 0.3757281553398058
