9 0.22135416666666666 0.6364077669902912 0.23645833333333333 0.19514563106796115
9 0.22135416666666666 0.6364077669902912 0.23645833333333333 0.19514563106796115
15 0.425 0.8276699029126213 0.17604166666666665 0.358252427184466
15 0.1515625 0.8063106796116505 0.11770833333333333 0.28446601941747574
15 0.21328125 0.7985436893203883 0.15364583333333334 0.2941747572815534
15 0.3182291666666667 0.8378640776699029 0.14479166666666665 0.34563106796116505
15 0.4979166666666667 0.8286407766990291 0.175 0.3252427184466019
15 0.425 0.8276699029126213 0.17604166666666665 0.358252427184466
15 0.1515625 0.8063106796116505 0.11770833333333333 0.28446601941747574
15 0.21328125 0.7985436893203883 0.15364583333333334 0.2941747572815534
15 0.3182291666666667 0.8378640776699029 0.14479166666666665 0.34563106796116505
15 0.4979166666666667 0.8286407766990291 0.175 0.3252427184466019
