15 0.140625 0.812135922330097 0.10208333333333333 0.2650485436893204
15 0.46848958333333335 0.812135922330097 0.16197916666666667 0.3699029126213592
15 0.1796875 0.6640776699029126 0.15 0.1029126213592233
15 0.1921875 0.8179611650485437 0.1625 0.3
15 0.525 0.7567961165048543 0.17395833333333333 0.38349514563106796
15 0.140625 0.812135922330097 0.10208333333333333 0.2650485436893204
15 0.46848958333333335 0.812135922330097 0.16197916666666667 0.3699029126213592
15 0.17291666666666666 0.6626213592233009 0.16875 0.08834951456310679
15 0.1921875 0.8179611650485437 0.1625 0.3
15 0.525 0.7567961165048543 0.17395833333333333 0.38349514563106796
