9 0.22317708333333333 0.6339805825242718 0.2359375 0.19611650485436893
9 0.22317708333333333 0.6339805825242718 0.2359375 0.19611650485436893
15 0.2140625 0.8029126213592233 0.14583333333333334 0.287378640776699
15 0.56953125 0.7368932038834951 0.13177083333333334 0.35339805825242715
15 0.31640625 0.8388349514563106 0.1390625 0.3359223300970874
15 0.37734375 0.8252427184466019 0.1515625 0.3572815533980582
15 0.2140625 0.8029126213592233 0.14583333333333334 0.287378640776699
15 0.56953125 0.7368932038834951 0.13177083333333334 0.35339805825242715
15 0.31640625 0.8388349514563106 0.1390625 0.3359223300970874
15 0.37734375 0.8252427184466019 0.1515625 0.3572815533980582
