9 0.21276041666666667 0.6048543689320388 0.19010416666666666 0.12815533980582525
9 0.22786458333333334 0.6067961165048543 0.2203125 0.1320388349514563
15 0.17604166666666665 0.6475728155339806 0.165625 0.1262135922330097
15 0.18723958333333332 0.8223300970873786 0.15989583333333332 0.29514563106796116
15 0.46822916666666664 0.8441747572815533 0.1625 0.33106796116504855
15 0.5252604166666667 0.7514563106796116 0.1796875 0.3825242718446602
15 0.17838541666666666 0.6563106796116505 0.1703125 0.0970873786407767
15 0.19895833333333332 0.8223300970873786 0.13645833333333332 0.29514563106796116
15 0.46822916666666664 0.8441747572815533 0.1625 0.33106796116504855
15 0.5252604166666667 0.7514563106796116 0.1796875 0.3825242718446602
