9 0.22083333333333333 0.6116504854368932 0.19895833333333332 0.14757281553398058
9 0.22083333333333333 0.616504854368932 0.19895833333333332 0.15728155339805824
15 0.17057291666666666 0.6514563106796116 0.16302083333333334 0.12815533980582525
15 0.14765625 0.8262135922330097 0.08385416666666666 0.2854368932038835
15 0.25390625 0.8771844660194175 0.09010416666666667 0.24757281553398058
15 0.49244791666666665 0.8004854368932038 0.1828125 0.3815533980582524
15 0.171875 0.6563106796116505 0.16458333333333333 0.1029126213592233
15 0.14088541666666665 0.8286407766990291 0.0703125 0.28058252427184466
15 0.25390625 0.8771844660194175 0.09010416666666667 0.24757281553398058
15 0.49244791666666665 0.8004854368932038 0.1828125 0.3815533980582524
