9 0.20338541666666665 0.6359223300970873 0.2046875 0.1825242718446602
15 0.25286458333333334 0.8757281553398057 0.08697916666666666 0.25048543689320385
15 0.48541666666666666 0.8514563106796116 0.125 0.29708737864077667
15 0.17838541666666666 0.6626213592233009 0.1546875 0.129126213592233
15 0.17682291666666666 0.8262135922330097 0.14427083333333332 0.2912621359223301
15 0.5239583333333333 0.7674757281553398 0.184375 0.3932038834951456
15 0.25286458333333334 0.8757281553398057 0.08697916666666666 0.25048543689320385
15 0.48541666666666666 0.8514563106796116 0.125 0.29708737864077667
15 0.17682291666666666 0.8262135922330097 0.14427083333333332 0.2912621359223301
15 0.5239583333333333 0.7674757281553398 0.184375 0.3932038834951456
