9 0.22343749999999998 0.6364077669902912 0.23854166666666665 0.20485436893203882
9 0.22343749999999998 0.6364077669902912 0.23854166666666665 0.20485436893203882
15 0.37838541666666664 0.8087378640776699 0.15052083333333333 0.3436893203883495
15 0.14635416666666667 0.8048543689320388 0.11875 0.27766990291262134
15 0.20781249999999998 0.8009708737864077 0.15833333333333333 0.2796116504854369
15 0.31875 0.8368932038834951 0.14375 0.34757281553398056
15 0.4869791666666667 0.8286407766990291 0.175 0.31553398058252424
15 0.37838541666666664 0.8087378640776699 0.15052083333333333 0.3436893203883495
15 0.14635416666666667 0.8048543689320388 0.11875 0.27766990291262134
15 0.20781249999999998 0.8009708737864077 0.15833333333333333 0.2796116504854369
15 0.31875 0.8368932038834951 0.14375 0.34757281553398056
15 0.4869791666666667 0.8286407766990291 0.175 0.31553398058252424
