9 0.23203125 0.6106796116504855 0.22239583333333332 0.1436893203883495
9 0.23203125 0.6140776699029126 0.22239583333333332 0.129126213592233
15 0.4609375 0.8563106796116504 0.13541666666666666 0.29902912621359223
15 0.36015625 0.8364077669902912 0.10885416666666667 0.3233009708737864
15 0.5330729166666667 0.8291262135922329 0.1546875 0.3378640776699029
15 0.6138020833333333 0.7936893203883495 0.14114583333333333 0.36601941747572814
15 0.4609375 0.8563106796116504 0.13541666666666666 0.29902912621359223
15 0.36015625 0.8364077669902912 0.10885416666666667 0.3233009708737864
15 0.5330729166666667 0.8291262135922329 0.1546875 0.3378640776699029
15 0.6138020833333333 0.7936893203883495 0.14114583333333333 0.36601941747572814
