9 0.22135416666666666 0.6388349514563106 0.24166666666666667 0.20194174757281552
9 0.22135416666666666 0.6388349514563106 0.24166666666666667 0.20194174757281552
15 0.37916666666666665 0.8135922330097087 0.14479166666666665 0.34563106796116505
15 0.1515625 0.8048543689320388 0.11770833333333333 0.2796116504854369
15 0.31744791666666666 0.837378640776699 0.14010416666666667 0.3466019417475728
15 0.21536458333333333 0.795631067961165 0.15677083333333333 0.28834951456310676
15 0.4903645833333333 0.8305825242718446 0.1703125 0.31553398058252424
15 0.37916666666666665 0.8135922330097087 0.14479166666666665 0.34563106796116505
15 0.1515625 0.8048543689320388 0.11770833333333333 0.2796116504854369
15 0.31744791666666666 0.837378640776699 0.14010416666666667 0.3466019417475728
15 0.21536458333333333 0.795631067961165 0.15677083333333333 0.28834951456310676
15 0.4903645833333333 0.8305825242718446 0.1703125 0.31553398058252424
