9 0.22265625 0.6354368932038835 0.23489583333333333 0.19902912621359223
9 0.22265625 0.6354368932038835 0.23489583333333333 0.19902912621359223
15 0.21380208333333334 0.8072815533980582 0.15364583333333334 0.28252427184466017
15 0.37421875 0.8286407766990291 0.14114583333333333 0.33300970873786406
15 0.3143229166666667 0.8388349514563106 0.14322916666666666 0.3359223300970874
15 0.5729166666666666 0.7359223300970873 0.13125 0.3572815533980582
15 0.21380208333333334 0.8072815533980582 0.15364583333333334 0.28252427184466017
15 0.37421875 0.8286407766990291 0.14114583333333333 0.33300970873786406
15 0.3143229166666667 0.8388349514563106 0.14322916666666666 0.3359223300970874
15 0.5729166666666666 0.7359223300970873 0.13125 0.3572815533980582
