9 0.22421875 0.6383495145631067 0.23489583333333333 0.21844660194174756
9 0.22421875 0.6383495145631067 0.23489583333333333 0.21844660194174756
15 0.21562499999999998 0.7980582524271844 0.1625 0.28932038834951457
15 0.3802083333333333 0.8116504854368932 0.14166666666666666 0.34951456310679613
15 0.3184895833333333 0.8359223300970874 0.1453125 0.34951456310679613
15 0.56484375 0.74126213592233 0.1203125 0.36796116504854365
15 0.21562499999999998 0.7980582524271844 0.1625 0.28932038834951457
15 0.3802083333333333 0.8116504854368932 0.14166666666666666 0.34951456310679613
15 0.3184895833333333 0.8359223300970874 0.1453125 0.34951456310679613
15 0.56484375 0.74126213592233 0.1203125 0.36796116504854365
