9 0.22291666666666665 0.6325242718446602 0.23541666666666666 0.1970873786407767
9 0.22291666666666665 0.6325242718446602 0.23541666666666666 0.1970873786407767
15 0.24375 0.8199029126213592 0.159375 0.28834951456310676
15 0.31536458333333334 0.8407766990291262 0.13802083333333334 0.3320388349514563
15 0.3807291666666667 0.8271844660194174 0.15208333333333332 0.34951456310679613
15 0.5723958333333333 0.737378640776699 0.11979166666666667 0.35631067961165047
15 0.24375 0.8199029126213592 0.159375 0.28834951456310676
15 0.31536458333333334 0.8407766990291262 0.13802083333333334 0.3320388349514563
15 0.3807291666666667 0.8271844660194174 0.15208333333333332 0.34951456310679613
15 0.5723958333333333 0.737378640776699 0.11979166666666667 0.35631067961165047
