9 0.22213541666666667 0.6349514563106796 0.23489583333333333 0.20194174757281552
9 0.22213541666666667 0.6349514563106796 0.23489583333333333 0.20194174757281552
15 0.14505208333333333 0.8038834951456311 0.11614583333333334 0.2796116504854369
15 0.20598958333333334 0.799514563106796 0.16614583333333333 0.28446601941747574
15 0.3625 0.8213592233009709 0.13854166666666667 0.3320388349514563
15 0.5010416666666666 0.8305825242718446 0.175 0.3213592233009709
15 0.14505208333333333 0.8038834951456311 0.11614583333333334 0.2796116504854369
15 0.20598958333333334 0.799514563106796 0.16614583333333333 0.28446601941747574
15 0.3625 0.8213592233009709 0.13854166666666667 0.3320388349514563
15 0.5010416666666666 0.8305825242718446 0.175 0.3213592233009709
