9 0.22317708333333333 0.6378640776699029 0.23802083333333332 0.20388349514563106
9 0.22317708333333333 0.6378640776699029 0.23802083333333332 0.20388349514563106
15 0.15130208333333334 0.8067961165048544 0.11510416666666666 0.2854368932038835
15 0.365625 0.8213592233009709 0.13854166666666667 0.32815533980582523
15 0.21614583333333334 0.7966019417475728 0.15520833333333334 0.29223300970873783
15 0.46848958333333335 0.845631067961165 0.16197916666666667 0.32233009708737864
15 0.15130208333333334 0.8067961165048544 0.11510416666666666 0.2854368932038835
15 0.365625 0.8213592233009709 0.13854166666666667 0.32815533980582523
15 0.21614583333333334 0.7966019417475728 0.15520833333333334 0.29223300970873783
15 0.46848958333333335 0.845631067961165 0.16197916666666667 0.32233009708737864
