9 0.22265625 0.6344660194174757 0.2359375 0.20097087378640777
9 0.22265625 0.6344660194174757 0.2359375 0.20097087378640777
15 0.3216145833333333 0.8446601941747572 0.14635416666666667 0.34951456310679613
15 0.378125 0.804368932038835 0.15625 0.3407766990291262
15 0.14765625 0.8048543689320388 0.11614583333333334 0.2796116504854369
15 0.21692708333333333 0.7980582524271844 0.15989583333333332 0.28932038834951457
15 0.4627604166666667 0.8432038834951456 0.18072916666666666 0.2728155339805825
15 0.3216145833333333 0.8446601941747572 0.14635416666666667 0.34951456310679613
15 0.378125 0.804368932038835 0.15625 0.3407766990291262
15 0.14765625 0.8048543689320388 0.11614583333333334 0.2796116504854369
15 0.21692708333333333 0.7980582524271844 0.15989583333333332 0.28932038834951457
15 0.4627604166666667 0.8432038834951456 0.18072916666666666 0.2728155339805825
