9 0.22447916666666667 0.6368932038834951 0.23645833333333333 0.19611650485436893
9 0.22447916666666667 0.6368932038834951 0.23645833333333333 0.19611650485436893
15 0.21484375 0.8029126213592233 0.15572916666666667 0.29708737864077667
15 0.3770833333333333 0.8199029126213592 0.15104166666666666 0.36213592233009706
15 0.31328125 0.8383495145631068 0.1390625 0.3407766990291262
15 0.5638020833333334 0.7310679611650485 0.14322916666666666 0.3553398058252427
15 0.21484375 0.8029126213592233 0.15572916666666667 0.29708737864077667
15 0.3770833333333333 0.8199029126213592 0.15104166666666666 0.36213592233009706
15 0.31328125 0.8383495145631068 0.1390625 0.3407766990291262
15 0.5638020833333334 0.7310679611650485 0.14322916666666666 0.3553398058252427
