9 0.22291666666666665 0.6368932038834951 0.2375 0.20194174757281552
9 0.22291666666666665 0.6368932038834951 0.2375 0.20194174757281552
15 0.21588541666666666 0.8033980582524272 0.1546875 0.28446601941747574
15 0.3794270833333333 0.8111650485436893 0.13489583333333333 0.34466019417475724
15 0.31875 0.8364077669902912 0.14375 0.34466019417475724
15 0.5622395833333333 0.7364077669902912 0.12447916666666667 0.38349514563106796
15 0.21588541666666666 0.8033980582524272 0.1546875 0.28446601941747574
15 0.3794270833333333 0.8111650485436893 0.13489583333333333 0.34466019417475724
15 0.31875 0.8364077669902912 0.14375 0.34466019417475724
15 0.5622395833333333 0.7364077669902912 0.12447916666666667 0.38349514563106796
