9 0.22291666666666665 0.6349514563106796 0.23541666666666666 0.20194174757281552
9 0.22291666666666665 0.6349514563106796 0.23541666666666666 0.20194174757281552
15 0.15052083333333333 0.8029126213592233 0.11666666666666667 0.2854368932038835
15 0.21744791666666666 0.799514563106796 0.1515625 0.2786407766990291
15 0.36666666666666664 0.8135922330097087 0.13958333333333334 0.32815533980582523
15 0.43984375 0.8432038834951456 0.1484375 0.3174757281553398
15 0.15052083333333333 0.8029126213592233 0.11666666666666667 0.2854368932038835
15 0.21744791666666666 0.799514563106796 0.1515625 0.2786407766990291
15 0.36666666666666664 0.8135922330097087 0.13958333333333334 0.32815533980582523
15 0.43984375 0.8432038834951456 0.1484375 0.3174757281553398
