9 0.22239583333333332 0.6339805825242718 0.23541666666666666 0.20194174757281552
9 0.22239583333333332 0.6339805825242718 0.23541666666666666 0.20194174757281552
15 0.37421875 0.8218446601941747 0.1484375 0.3485436893203883
15 0.15078125 0.8087378640776699 0.11614583333333334 0.27766990291262134
15 0.20729166666666665 0.8019417475728156 0.153125 0.2815533980582524
15 0.4552083333333333 0.8519417475728155 0.18333333333333332 0.30776699029126214
15 0.37421875 0.8218446601941747 0.1484375 0.3485436893203883
15 0.15078125 0.8087378640776699 0.11614583333333334 0.27766990291262134
15 0.20729166666666665 0.8019417475728156 0.153125 0.2815533980582524
15 0.4552083333333333 0.8519417475728155 0.18333333333333332 0.30776699029126214
