9 0.23411458333333332 0.6208737864077669 0.2203125 0.16601941747572815
9 0.23411458333333332 0.6208737864077669 0.2203125 0.16601941747572815
15 0.36875 0.8451456310679611 0.12291666666666666 0.30776699029126214
15 0.4270833333333333 0.8179611650485437 0.13958333333333334 0.33106796116504855
15 0.58046875 0.7810679611650485 0.1546875 0.35436893203883496
15 0.5234375 0.8300970873786407 0.15625 0.3378640776699029
15 0.36875 0.8451456310679611 0.12291666666666666 0.30776699029126214
15 0.4270833333333333 0.8179611650485437 0.13958333333333334 0.33106796116504855
15 0.58046875 0.7810679611650485 0.1546875 0.35436893203883496
15 0.5234375 0.8300970873786407 0.15625 0.3378640776699029
