9 0.23385416666666667 0.6199029126213592 0.21979166666666666 0.16019417475728154
9 0.23385416666666667 0.6199029126213592 0.21979166666666666 0.16019417475728154
15 0.7736979166666667 0.5509708737864077 0.13385416666666666 0.1563106796116505
15 0.4223958333333333 0.8184466019417476 0.1375 0.32815533980582523
15 0.5158854166666667 0.8398058252427184 0.1609375 0.32233009708737864
15 0.5828125 0.7718446601941747 0.14270833333333333 0.34951456310679613
15 0.7736979166666667 0.5509708737864077 0.13385416666666666 0.1563106796116505
15 0.4223958333333333 0.8184466019417476 0.1375 0.32815533980582523
15 0.5158854166666667 0.8398058252427184 0.1609375 0.32233009708737864
15 0.5828125 0.7718446601941747 0.14270833333333333 0.34951456310679613
