9 0.23307291666666666 0.6218446601941747 0.22239583333333332 0.1699029126213592
9 0.23307291666666666 0.6218446601941747 0.22239583333333332 0.1699029126213592
15 0.371875 0.8470873786407767 0.12916666666666665 0.3
15 0.7802083333333333 0.5378640776699029 0.13333333333333333 0.14757281553398058
15 0.42864583333333334 0.8140776699029126 0.14166666666666666 0.3349514563106796
15 0.58046875 0.7771844660194175 0.15572916666666667 0.3524271844660194
15 0.5239583333333333 0.8300970873786407 0.15520833333333334 0.3398058252427184
15 0.371875 0.8470873786407767 0.12916666666666665 0.3
15 0.7802083333333333 0.5378640776699029 0.13333333333333333 0.14757281553398058
15 0.42864583333333334 0.8140776699029126 0.14166666666666666 0.3349514563106796
15 0.58046875 0.7771844660194175 0.15572916666666667 0.3524271844660194
15 0.5239583333333333 0.8300970873786407 0.15520833333333334 0.3398058252427184
