9 0.23229166666666667 0.6155339805825243 0.21979166666666666 0.13009708737864076
9 0.23307291666666666 0.6150485436893204 0.2203125 0.129126213592233
15 0.4315104166666667 0.8160194174757281 0.1296875 0.31165048543689317
15 0.5166666666666666 0.8393203883495145 0.1625 0.31553398058252424
15 0.7661458333333333 0.5606796116504854 0.10833333333333334 0.1524271844660194
15 0.3690104166666667 0.8422330097087378 0.12552083333333333 0.3174757281553398
15 0.5890625 0.7776699029126213 0.14583333333333334 0.3436893203883495
15 0.4315104166666667 0.8160194174757281 0.1296875 0.31165048543689317
15 0.5166666666666666 0.8393203883495145 0.1625 0.31553398058252424
15 0.7661458333333333 0.5606796116504854 0.10833333333333334 0.1524271844660194
15 0.3690104166666667 0.8422330097087378 0.12552083333333333 0.3174757281553398
15 0.5890625 0.7776699029126213 0.14583333333333334 0.3436893203883495
