9 0.23333333333333334 0.6155339805825243 0.21458333333333332 0.13009708737864076
9 0.23307291666666666 0.6135922330097087 0.21510416666666665 0.13398058252427184
15 0.7752604166666667 0.5286407766990291 0.1390625 0.14854368932038833
15 0.3755208333333333 0.8398058252427184 0.12916666666666665 0.3203883495145631
15 0.4317708333333333 0.8101941747572815 0.1375 0.329126213592233
15 0.5809895833333333 0.7796116504854369 0.1546875 0.3553398058252427
15 0.52421875 0.8315533980582523 0.1578125 0.34466019417475724
15 0.7752604166666667 0.5286407766990291 0.1390625 0.14854368932038833
15 0.3755208333333333 0.8398058252427184 0.12916666666666665 0.3203883495145631
15 0.4317708333333333 0.8101941747572815 0.1375 0.329126213592233
15 0.5809895833333333 0.7796116504854369 0.1546875 0.3553398058252427
15 0.52421875 0.8315533980582523 0.1578125 0.34466019417475724
