9 0.2359375 0.6155339805825243 0.22083333333333333 0.1262135922330097
9 0.23385416666666667 0.6135922330097087 0.225 0.12815533980582525
15 0.5177083333333333 0.8266990291262135 0.13958333333333334 0.33689320388349514
15 0.5911458333333334 0.7951456310679611 0.12916666666666665 0.3203883495145631
15 0.43203125 0.7970873786407766 0.1390625 0.341747572815534
15 0.21562499999999998 0.8276699029126213 0.1375 0.3271844660194175
15 0.5177083333333333 0.8266990291262135 0.13958333333333334 0.33689320388349514
15 0.5911458333333334 0.7951456310679611 0.12916666666666665 0.3203883495145631
15 0.43203125 0.7970873786407766 0.1390625 0.341747572815534
15 0.21562499999999998 0.8276699029126213 0.1375 0.3271844660194175
