11 0.4005208333333333 0.5786407766990291 0.403125 0.18834951456310678
15 0.5416666666666666 0.8266990291262135 0.12604166666666666 0.3407766990291262
15 0.4283854166666667 0.8203883495145631 0.1703125 0.3320388349514563
15 0.24921875 0.8179611650485437 0.11614583333333334 0.33106796116504855
15 0.5880208333333333 0.8131067961165048 0.14479166666666665 0.3640776699029126
15 0.49192708333333335 0.8111650485436893 0.13385416666666666 0.34466019417475724
15 0.4114583333333333 0.8203883495145631 0.13645833333333332 0.3320388349514563
15 0.24921875 0.8179611650485437 0.11614583333333334 0.33106796116504855
15 0.6067708333333334 0.8131067961165048 0.10729166666666666 0.3640776699029126
15 0.49140625 0.8111650485436893 0.1453125 0.34466019417475724
