15 0.4171875 0.8330097087378641 0.09375 0.32815533980582523
15 0.6270833333333333 0.6737864077669903 0.18645833333333334 0.17669902912621357
15 0.2622395833333333 0.8349514563106796 0.10052083333333334 0.32427184466019415
15 0.20703125 0.8466019417475728 0.0703125 0.30097087378640774
15 0.5268229166666667 0.8543689320388349 0.09739583333333333 0.2854368932038835
15 0.5174479166666667 0.8417475728155339 0.09322916666666667 0.3106796116504854
15 0.6270833333333333 0.6737864077669903 0.18645833333333334 0.17669902912621357
15 0.2046875 0.8504854368932039 0.075 0.29320388349514565
15 0.35104166666666664 0.8359223300970874 0.12083333333333333 0.32233009708737864
15 0.5729166666666666 0.8388349514563106 0.17604166666666665 0.3087378640776699
