15 0.51640625 0.8368932038834951 0.1359375 0.3339805825242718
15 0.40651041666666665 0.8325242718446602 0.0734375 0.3466019417475728
15 0.20104166666666667 0.8548543689320388 0.08541666666666667 0.29223300970873783
15 0.2526041666666667 0.8364077669902912 0.11354166666666667 0.3271844660194175
15 0.5723958333333333 0.8490291262135922 0.18125 0.28446601941747574
15 0.634375 0.7194174757281553 0.24479166666666666 0.21359223300970873
15 0.5216145833333333 0.8606796116504855 0.12552083333333333 0.28640776699029125
15 0.30625 0.8417475728155339 0.08645833333333333 0.32815533980582523
15 0.21276041666666667 0.853883495145631 0.10885416666666667 0.2941747572815534
15 0.25234375 0.8368932038834951 0.11302083333333333 0.3262135922330097
15 0.5723958333333333 0.8490291262135922 0.18125 0.28446601941747574
15 0.634375 0.7194174757281553 0.24479166666666666 0.21359223300970873
