11 0.2752604166666667 0.6296116504854369 0.1265625 0.1116504854368932
11 0.2752604166666667 0.6296116504854369 0.1265625 0.1116504854368932
15 0.19947916666666665 0.8461165048543688 0.08020833333333333 0.3233009708737864
15 0.6567708333333333 0.8286407766990291 0.07916666666666666 0.33689320388349514
15 0.265625 0.8330097087378641 0.14583333333333334 0.3320388349514563
15 0.6005208333333333 0.820873786407767 0.10416666666666667 0.3504854368932039
15 0.203125 0.8490291262135922 0.0875 0.3174757281553398
15 0.65859375 0.8174757281553398 0.07552083333333333 0.3592233009708738
15 0.3013020833333333 0.8466019417475728 0.07447916666666667 0.3048543689320388
15 0.6018229166666667 0.8218446601941747 0.10677083333333333 0.3485436893203883
