0 0.31953125 0.8349514563106796 0.10989583333333333 0.2834951456310679
12 0.26875 0.8310679611650486 0.12291666666666666 0.316504854368932
15 0.6455729166666666 0.7402912621359223 0.1171875 0.3213592233009709
15 0.7111979166666667 0.74126213592233 0.1296875 0.31359223300970873
15 0.23671875 0.6815533980582524 0.19114583333333332 0.24466019417475726
0 0.33828125 0.8349514563106796 0.07239583333333333 0.2834951456310679
12 0.26848958333333334 0.8271844660194174 0.12343749999999999 0.33009708737864074
15 0.6455729166666666 0.7402912621359223 0.1171875 0.3213592233009709
15 0.7111979166666667 0.74126213592233 0.1296875 0.31359223300970873
15 0.23671875 0.6815533980582524 0.19114583333333332 0.24466019417475726
