0 0.14375 0.5781553398058252 0.11770833333333333 0.11553398058252427
15 0.4421875 0.7378640776699029 0.21875 0.33009708737864074
0 0.2786458333333333 0.8179611650485437 0.07083333333333333 0.2145631067961165
0 0.321875 0.7975728155339805 0.09375 0.25339805825242717
0 0.14375 0.5781553398058252 0.11770833333333333 0.11553398058252427
15 0.4421875 0.7378640776699029 0.21875 0.33009708737864074
0 0.2786458333333333 0.8179611650485437 0.07083333333333333 0.2145631067961165
0 0.321875 0.7975728155339805 0.09375 0.25339805825242717
0 0.28671875 0.6310679611650485 0.07447916666666667 0.19223300970873786
0 0.28671875 0.6310679611650485 0.07447916666666667 0.19223300970873786
